-10.8
-12.25
-14.25
-11.35
-13.0
-13.15
-14.5
-12.25
-18.35
-12.6
-11.95
-12.65
-11.4
-11.15
-12.55
-11.2
-10.8
-12.4
-14.15
-13.35
-13.3
-12.75
-13.2
-9.8
-9.5
-12.5
-11.9
-10.45
-12.35
-12.0
-14.95
-12.7
-13.05
-15.95
-11.6
-11.65
-14.95
-11.55
-12.55
-13.9
-11.95
-10.55
-13.0
-13.05
-13.3
-13.9
-13.7
-9.4
-15.85
-12.5
-14.75
-10.05
-13.25
-11.55
-13.3
-14.25
-14.0
-13.25
-14.95
-13.75
-13.6
-14.25
-12.8
-12.6
-14.15
-10.95
-13.45
-12.35
-16.15
-13.35
-14.3
-13.5
-11.9
-11.35
-8.35
-9.2
-11.65
-9.6
-12.5
-8.2
-10.6
-11.15
-8.1
-12.1
-14.35
-14.0
-10.25
-9.4
