0
-146.31
-303.6
-451.699
-614.34
-766.81
-925.5
-1077.81
-1233.62
-1396.83
-1550.02
-1704.23
-1861.32
-2021.6
-2175.06
-2329.55
-2485.65
-2639.27
-2801.92
-2960.79
-3118.39
-3281.04
-3436.87
-3590.18
-3746.96
-3896.98
-4054.17
-4209.94
-4372.13
-4525.18
-4684.35
-4840.21
-4994.36
-5152.45
-5303.55
-5459.87
-5623.26
-5788.8
-5956.86
-6126.2
-6292.12
-6455.28
-6612.06
-6770.95
-6928.05
-7088.49
-7251.13
-7420.78
-7586.99
-7754.31
-7929.55
-8095.93
-8260.93
-8418.85
-8580.97
-8747.02
-8908.25
-9071.53
-9235.4
-9396.93
-9566.48
-9731.1
-9899.62
-10062.4
-10224.3
-10386.1
-10545.9
-10711.2
-10865.4
-11023.3
-11184.6
-11342.7
-11501
-11660.4
-11834.7
-12001.2
-12155.2
-12311.9
-12477.5
-12644.7
-12800
-12950.6
-13102.3
-13245.6
-13396.4
-13552.7
-13704.5
-13864.7
-14029.4
-14187.8
-14351
-14507.2
-14669.8
-14825.5
-14979.7
-15141.7
-15304.6
-15473.3
-15644.9
-15808.5
-15972.7
-16134.1
-16288.7
-16435.7
-16590.9
-16745.9
-16904.2
-17056
-17218.9
-17384.8
-17541.7
-17702.4
-17856.6
-18014.5
-18180.8
-18348.5
-18513
-18678.9
-18845.1
-19002
-19155.2
-19316.4
-19483.1
-19646.1
-19796.4
-19953.8
-20120.8
-20285.9
-20449.3
-20611.5
-20768.6
-20937.7
-21106
-21266.8
-21427.5
-21596.1
-21759.3
-21933.6
-22090.3
-22248.8
-22413.9
-22585.7
-22758
-22922.7
-23087.7
-23252.1
-23413.4
-23582.5
-23743.3
-23903.3
-24064.3
-24224.8
-24385.4
-24545.9
-24710
-24872.9
-25037.3
-25206
-25372.6
-25540.3
-25706.5
-25866.2
-26020.5
-26182.7
-26334.5
-26494.3
-26652
-26810.2
-26968.6
-27119.2
-27279.4
-27443.5
-27602.9
-27761.9
-27915.7
-28062.8
-28207.7
-28366.5
-28519.9
-28674
-28830.3
-28988.6
-29146.1
-29302.4
-29453.3
-29608.8
-29763.9
-29916
-30072.8
-30219.3
-30368.8
-30514.8
-30665.3
-30814
-30963
-31116.2
-31269.6
-31418.3
-31568.6
-31717.8
-31870.2
-32026.9
-32173.7
-32325.2
-32471.7
-32629.5
-32783.4
-32939.3
-33084
-33224.4
-33377.5
-33530.4
-33677.5
-33830.4
-33973.9
-34114.1
-34268.9
-34420.1
-34571.1
-34723
-34868.8
-35016.3
-35158.9
-35305.9
-35451.3
-35600.4
-35742.4
-35883.2
-36026.1
-36168.4
-36311.7
-36455.8
-36602.9
-36752.4
-36897.7
-37047.5
-37198.3
-37337.8
-37478.1
-37630.3
-37771.4
-37921.4
-38074.3
-38229.5
-38377.4
-38519.2
-38680.7
-38830.1
-38979
-39138.1
-39295.6
-39454.4
-39610.6
-39770.8
-39945.8
-40105.9
-40263.6
-40421.4
-40583.6
-40742.2
-40901.2
-41066.9
-41218.6
-41368.1
-41521.8
-41677.8
-41834
-41991.9
-42147.4
-42302
-42452.9
-42599.6
-42749.9
-42907.5
-43061.1
-43216.4
-43371.7
-43523
-43673.5
-43824.1
-43973.4
-44122.8
-44270.4
-44417.2
-44564.5
-44712.2
-44857.6
-45010.1
-45154.1
-45294.1
-45434.8
-45583.7
-45721.8
-45859
-45981.5
-46123.1
-46273
-46417.6
-46562.7
-46702.7
-46848
-46993.1
-47140.4
-47292.2
-47433.9
-47580.8
-47729.9
-47877.1
-48020.1
-48164.5
-48306.2
-48452.6
-48599.1
-48744.5
-48888.4
-49028.6
-49172.8
-49311.8
-49453.1
-49593.3
-49729.3
-49873.6
-50011.5
-50157.8
-50305.1
-50451.4
-50593.7
-50734.3
-50878.2
-51025
-51175.7
-51322.4
-51465.9
-51615.5
-51757.8
-51902.5
-52041.6
-52193.3
-52335.6
-52487.9
-52632.8
-52780.5
-52929.3
-53079.9
-53227.8
-53386.7
-53536
-53683.7
-53832.9
-53985.2
-54130.3
-54278.9
-54427.5
-54568.5
-54720.1
-54875.4
-55027.7
-55172.7
-55318.3
-55471.2
-55623.9
-55778
-55928.5
-56072.9
-56221
-56367.6
-56514.9
-56659.5
-56809.3
-56952.9
-57103.2
-57250.8
-57405.6
-57559.7
-57706.8
-57856.1
-58005.3
-58156.9
-58303.7
-58456.5
-58608
-58757.3
-58909.8
-59058.6
-59206.8
-59361.1
-59514
-59664.4
-59809.8
-59953.1
-60094.3
-60240.9
-60383.8
-60526.5
-60671.6
-60819.3
-60962.3
-61100.3
-61245.5
-61381.6
-61528.1
-61674.3
-61819.4
-61967.2
-62111.1
-62254.1
-62399.5
-62541.9
-62681.9
-62831.2
-62976.2
-63125
-63275.4
-63425.6
-63575.3
-63716.2
-63857.5
-64000.1
-64131.1
-64283.3
-64436.8
-64587
-64719.9
-64858
-64997.1
-65137.9
-65276.5
-65413.1
-65550.2
-65697.1
-65838.2
-65971.8
-66111.2
-66239.1
-66364.6
-66504.2
-66642.8
-66792.7
-66925.9
-67050.1
-67177.4
-67320.4
-67459.4
-67594.9
-67735.9
-67876.4
-68019.5
-68154.2
-68285.6
-68427
-68558.6
-68689.9
-68825.1
-68958
-69091.6
-69230.7
-69358.1
-69498.2
-69640.8
-69780.9
-69917.5
-70055.4
-70195.4
-70334.7
-70475.3
-70615.4
-70751.8
-70893.2
-71032.9
-71166.7
-71302.6
-71445.7
-71585.4
-71726.5
-71866.4
-72014.6
-72157.8
-72294.7
-72436.8
-72571.9
-72714.7
-72852.3
-73000.8
-73143.5
-73289.4
-73440.3
-73586.1
-73724.4
-73860.6
-74003.7
-74137.2
-74277
-74412.8
-74561.5
-74700.6
-74848
-74996.2
-75148.6
-75288.2
-75429.5
-75562.6
-75695.2
-75839.1
-75983
-76127.6
-76270
-76414.9
-76558
-76705.2
-76849.5
-76997.2
-77137.1
-77285
-77434.5
-77582.2
-77733.5
-77882.4
-78032.6
-78178.1
-78325.4
-78473.1
-78622.1
-78774.4
-78919.1
-79068.2
-79220.7
-79366
-79511.1
-79655.2
-79800.3
-79941
-80085.1
-80225.6
-80368.5
-80521.7
-80667.7
-80810.3
-80955.3
-81099.5
-81241.7
-81385.2
-81531.8
-81669.7
-81804.6
-81941.9
-82086.2
-82230
-82373.1
-82511.6
-82660.3
-82801.2
-82939.8
-83080.1
-83225.3
-83373.6
-83526.1
-83670.2
-83817.3
-83960.7
-84105.8
-84250.2
-84393.5
-84529.2
-84672.6
-84811.4
-84952.7
-85093.1
-85234.1
-85370.1
-85509.7
-85648.9
-85792
-85928.1
-86066.5
-86203.5
-86338.2
-86471.4
-86606.2
-86741.7
-86881.8
-87014.7
-87149.8
-87288.4
-87422.7
-87560.1
-87691.5
-87827.8
-87971.5
-88109.3
-88244.8
-88383.4
-88524
-88664.3
-88803.7
-88940.8
-89082.3
-89222.3
-89360.5
-89497.8
-89635.5
-89772.7
-89915.5
-90052
-90187.2
-90329.3
-90466.8
-90603
-90735.7
-90871.9
-91008.1
-91147.6
-91287.7
-91428.8
-91563.1
-91697.8
-91838.8
-91970.3
-92102.4
-92234
-92369
-92503
-92633.5
-92769.4
-92905.1
-93046.4
-93186.7
-93324
-93460.2
-93601
-93739.5
-93884.5
-94025.5
-94163.4
-94300
-94439.6
-94578
-94711.3
-94847.9
-94984.8
-95116.7
-95248.7
-95387.9
-95526.4
-95661.1
-95792.8
-95930.2
-96069.2
-96202.8
-96340.4
-96474.5
-96611.5
-96749.5
-96887
-97013.6
-97144.7
-97270
-97399.6
-97539.6
-97678.3
-97812.5
-97947
-98078.7
-98212.9
-98351.2
-98485.3
-98616.4
-98746.1
-98867
-98993.2
-99117.1
-99241.7
-99374.9
-99508.5
-99639
-99768
-99897.5
-100019
-100148
-100284
-100417
-100549
-100681
-100812
-100946
-101084
-101214
-101344
-101478
-101609
-101741
-101875
-102006
-102141
-102272
-102401
-102532
-102658
-102789
-102919
-103052
-103176
-103307
-103438
-103562
-103694
-103825
-103962
-104095
-104230
-104360
-104496
-104631
-104765
-104895
-105022
-105149
-105277
-105405
-105539
-105674
-105810
-105949
-106085
-106223
-106355
-106487
-106622
-106751
-106878
-107013
-107143
-107265
-107385
-107514
-107650
-107780
-107915
-108047
-108180
-108312
-108443
-108576
-108710
-108845
-108981
-109117
-109255
-109384
-109515
-109642
-109774
-109890
-110006
-110129
-110260
-110392
-110520
-110658
-110787
-110921
-111050
-111178
-111307
-111438
-111576
-111713
-111849
-111982
-112106
-112238
-112366
-112496
-112624
-112754
-112881
-113013
-113135
-113257
-113389
-113519
-113639
-113764
-113892
-114017
-114145
-114275
-114405
-114536
-114658
-114787
-114921
-115052
-115188
-115321
-115453
-115591
-115723
-115857
-115991
-116124
-116255
-116385
-116515
-116647
-116773
-116909
-117047
-117180
-117313
-117443
-117578
-117711
-117843
-117974
-118100
-118230
-118361
-118497
-118636
-118774
-118911
-119042
-119173
-119301
-119445
-119576
-119712
-119843
-119976
-120109
-120247
-120376
-120506
-120636
-120765
-120903
-121039
-121177
-121313
-121449
-121580
-121716
-121854
-121986
-122123
-122261
-122395
-122534
-122677
-122811
-122946
-123078
-123213
-123346
-123484
-123625
-123756
-123887
-124015
-124148
-124275
-124410
-124544
-124684
-124820
-124954
-125084
-125217
-125346
-125480
-125613
-125745
-125876
-126007
-126133
-126268
-126405
-126537
-126669
-126800
-126933
-127058
-127193
-127331
-127463
-127596
-127732
-127859
-127996
-128133
-128269
-128404
-128538
-128667
-128803
-128938
-129073
-129200
-129316
-129433
-129558
-129693
-129832
-129966
-130102
-130239
-130377
-130514
-130645
-130785
-130922
-131054
-131184
-131320
-131459
-131593
-131730
-131866
-131998
-132127
-132264
-132404
-132535
-132663
-132791
-132923
-133056
-133191
-133321
-133455
-133585
-133716
-133844
-133973
-134102
-134231
-134361
-134491
-134612
-134740
-134870
-134992
-135120
-135251
-135379
-135510
-135632
-135757
-135882
-136007
-136136
-136264
-136397
-136531
-136660
-136789
-136917
-137047
-137176
-137309
-137444
-137580
-137711
-137841
-137976
-138109
-138237
-138366
-138495
-138625
-138754
-138884
-139016
-139141
-139267
-139399
-139528
-139656
-139788
-139916
-140042
-140168
-140294
-140420
-140550
-140679
-140804
-140930
-141061
-141190
-141316
-141449
-141577
-141703
-141835
-141967
-142094
-142220
-142344
-142474
-142602
-142732
-142862
-142989
-143117
-143246
-143372
-143499
-143628
-143758
-143888
-144023
-144155
-144291
-144421
-144554
-144685
-144811
-144947
-145076
-145208
-145336
-145460
-145584
-145705
-145827
