-0.104773
-0.093136
-0.081500
-0.116409
-0.081500
-0.116409
-0.104773
-0.093136
-0.093136
-0.093136
-0.093136
-0.093136
-0.093136
-0.093136
-0.058227
-0.093136
-0.104773
-0.093136
-0.081500
-0.093136
-0.093136
-0.104773
-0.139682
-0.151318
-0.162955
-0.197864
-0.232773
-0.267682
-0.337500
-0.407318
-0.418955
-0.453864
-0.488773
-0.500409
-0.535318
-0.546955
-0.535318
-0.535318
-0.523682
-0.523682
-0.488773
-0.477136
-0.442227
-0.442227
-0.407318
-0.372409
-0.360773
-0.325864
-0.337500
-0.337500
-0.267682
-0.256045
-0.256045
-0.290955
-0.256045
-0.244409
-0.209500
-0.209500
-0.221136
-0.221136
-0.221136
-0.186227
-0.221136
-0.186227
-0.221136
-0.221136
-0.186227
-0.256045
-0.267682
-0.232773
-0.244409
-0.244409
-0.256045
-0.256045
-0.244409
-0.232773
-0.232773
-0.267682
-0.256045
-0.267682
-0.256045
-0.267682
-0.256045
-0.244409
-0.256045
-0.221136
-0.232773
-0.244409
-0.279318
-0.314227
-0.279318
-0.244409
-0.174591
-0.209500
-0.279318
-0.209500
-0.174591
-0.244409
-0.104773
-0.093136
-0.128045
-0.162955
-0.232773
-0.302591
-0.232773
-0.197864
-0.232773
-0.267682
-0.302591
-0.314227
-0.325864
-0.325864
-0.290955
-0.302591
-0.337500
-0.325864
-0.290955
-0.325864
-0.325864
-0.465500
-0.395682
-0.151318
 0.279273
 0.523636
 0.279273
-0.523682
-1.338227
-1.268409
-1.233500
-0.989136
-0.744773
-0.605136
-0.465500
-0.221136
-0.151318
-0.139682
-0.209500
-0.174591
-0.139682
-0.151318
-0.186227
-0.221136
-0.081500
-0.093136
-0.128045
-0.093136
-0.162955
-0.174591
-0.209500
-0.069864
-0.000045
-0.034955
-0.104773
-0.244409
-0.104773
-0.174591
-0.418955
-0.384045
-0.349136
-0.209500
-0.069864
 0.058182
 0.128000
 0.058182
-0.069864
-0.104773
-0.174591
-0.139682
-0.174591
-0.244409
-0.314227
-0.325864
-0.360773
-0.430591
-0.465500
-0.430591
-0.500409
-0.570227
-0.581864
-0.616773
-0.651682
-0.581864
-0.512045
-0.500409
-0.512045
-0.477136
-0.488773
-0.349136
-0.314227
-0.349136
-0.279318
-0.314227
-0.384045
-0.349136
-0.279318
-0.209500
-0.174591
-0.244409
-0.314227
-0.244409
-0.279318
-0.244409
-0.244409
-0.209500
-0.221136
-0.256045
-0.186227
-0.256045
-0.221136
-0.232773
-0.372409
-0.302591
-0.302591
-0.267682
-0.128045
-0.058227
-0.128045
-0.267682
-0.197864
-0.128045
-0.139682
-0.128045
-0.162955
-0.162955
-0.093136
-0.128045
-0.197864
-0.337500
-0.197864
-0.162955
-0.128045
-0.116409
-0.081500
-0.116409
-0.116409
-0.128045
-0.162955
-0.093136
-0.023318
-0.058227
 0.000000
 0.034909
 0.000000
-0.058227
-0.093136
-0.128045
-0.116409
-0.128045
-0.116409
-0.116409
-0.151318
-0.116409
-0.151318
-0.139682
-0.151318
-0.186227
-0.116409
-0.116409
-0.116409
-0.151318
-0.221136
-0.290955
-0.151318
 0.279273
 0.721455
 0.477091
-0.325864
-1.140409
-1.175318
-1.105500
-0.861136
-0.616773
-0.372409
-0.232773
-0.093136
-0.023318
 0.000000
-0.023318
 0.000000
 0.000000
 0.034909
 0.069818
 0.000000
 0.011636
 0.081455
 0.011636
 0.081455
 0.116364
 0.104727
 0.034909
 0.034909
 0.069818
 0.069818
 0.081455
 0.069818
 0.034909
 0.174545
 0.174545
 0.104727
 0.174545
 0.139636
 0.128000
 0.116364
 0.081455
 0.069818
 0.139636
 0.151273
 0.116364
 0.046545
 0.046545
 0.011636
-0.046591
-0.081500
-0.116409
-0.104773
-0.139682
-0.209500
-0.244409
-0.279318
-0.279318
-0.314227
-0.325864
-0.290955
-0.302591
-0.267682
-0.267682
-0.232773
-0.162955
-0.162955
-0.128045
-0.162955
-0.151318
-0.081500
-0.046591
-0.034955
-0.023318
-0.011682
 0.046545
 0.011636
-0.011682
 0.011636
-0.011682
 0.011636
 0.023273
 0.023273
 0.034909
 0.000000
 0.011636
 0.011636
 0.000000
 0.034909
 0.034909
 0.000000
 0.034909
-0.023318
 0.034909
 0.069818
 0.058182
 0.023273
 0.023273
 0.058182
 0.093091
 0.058182
 0.046545
 0.011636
 0.011636
 0.011636
 0.023273
-0.000045
-0.011682
 0.011636
 0.023273
 0.058182
 0.023273
 0.023273
 0.058182
 0.069818
 0.034909
 0.069818
 0.104727
 0.139636
 0.174545
 0.174545
 0.139636
 0.174545
 0.104727
 0.069818
 0.000000
 0.069818
 0.034909
 0.034909
 0.000000
 0.034909
-0.023318
 0.034909
 0.000000
-0.000045
-0.011682
 0.011636
-0.116409
-0.151318
-0.081500
-0.011682
-0.011682
 0.046545
 0.290909
 0.733091
 1.175273
 0.733091
-0.069864
-0.884409
-1.024045
-0.884409
-0.640045
-0.395682
-0.151318
 0.081455
 0.081455
 0.011636
-0.011682
 0.116364
 0.256000
 0.186182
 0.046545
 0.186182
 0.221091
 0.360727
 0.325818
 0.360727
 0.290909
 0.279273
 0.267636
 0.302545
 0.267636
 0.197818
 0.162909
 0.197818
 0.267636
 0.302545
 0.162909
 0.174545
 0.209455
 0.244364
 0.232727
 0.302545
 0.302545
 0.232727
 0.302545
 0.267636
 0.267636
 0.232727
 0.232727
 0.197818
 0.128000
-0.000045
-0.069864
 0.058182
-0.069864
-0.314227
-0.302591
-0.267682
-0.232773
-0.093136
-0.093136
-0.128045
-0.267682
-0.302591
-0.232773
 0.000000
 0.069818
 0.104727
 0.034909
 0.046545
 0.116364
 0.256000
 0.186182
 0.186182
 0.046545
-0.011682
 0.011636
 0.151273
 0.221091
 0.290909
 0.302545
 0.290909
 0.360727
 0.290909
 0.046545
 0.011636
 0.256000
 0.290909
 0.302545
 0.232727
 0.232727
 0.372364
 0.384000
 0.139636
 0.000000
 0.139636
 0.384000
 0.418909
 0.279273
 0.139636
 0.139636
 0.279273
 0.279273
 0.244364
 0.314182
 0.453818
 0.523636
 0.453818
 0.384000
 0.244364
 0.174545
 0.186182
 0.256000
 0.325818
 0.465455
 0.535273
 0.395636
 0.465455
 0.605091
 0.674909
 0.430545
 0.290909
 0.325818
 0.360727
 0.221091
 0.209455
 0.349091
 0.488727
 0.418909
 0.279273
 0.209455
 0.197818
 0.209455
 0.244364
 0.314182
 0.384000
 0.384000
 0.349091
 0.360727
 0.802909
 1.245091
 1.105455
 0.290909
-0.512045
-0.581864
-0.512045
-0.442227
-0.302591
-0.058227
 0.174545
 0.418909
 0.453818
 0.418909
 0.488727
 0.477091
 0.512000
 0.500364
 0.640000
 0.605091
 0.640000
 0.500364
 0.465455
 0.500364
 0.640000
 0.628364
 0.628364
 0.558545
 0.628364
 0.698182
 0.558545
 0.628364
 0.616727
 0.686545
 0.686545
 0.546909
 0.407273
 0.651636
 0.721455
 0.733091
 0.663273
 0.523636
 0.453818
 0.593455
 0.663273
 0.802909
 0.558545
 0.418909
 0.384000
 0.523636
 0.558545
 0.418909
 0.174545
 0.174545
 0.162909
 0.197818
 0.232727
 0.221091
 0.209455
 0.279273
 0.314182
 0.244364
 0.104727
 0.139636
 0.279273
 0.418909
 0.453818
 0.418909
 0.384000
 0.418909
 0.418909
 0.488727
 0.523636
 0.593455
 0.558545
 0.570182
 0.535273
 0.500364
 0.465455
 0.500364
 0.570182
 0.500364
 0.570182
 0.640000
 0.570182
 0.430545
 0.500364
 0.512000
 0.546909
 0.512000
 0.581818
 0.546909
 0.546909
 0.512000
 0.546909
 0.512000
 0.500364
 0.465455
 0.535273
 0.605091
 0.570182
 0.535273
 0.570182
 0.535273
 0.570182
 0.430545
 0.465455
 0.430545
 0.570182
 0.640000
 0.674909
 0.640000
 0.628364
 0.640000
 0.651636
 0.581818
 0.512000
 0.523636
 0.523636
 0.453818
 0.442182
 0.477091
 0.465455
 0.477091
 0.407273
 0.372364
 0.407273
 0.477091
 0.512000
 0.442182
 0.477091
 0.477091
 0.407273
 0.337455
 0.477091
 0.919273
 1.163636
 1.233455
 0.418909
-0.384045
-0.523682
-0.512045
-0.372409
-0.128045
-0.058227
 0.174545
 0.314182
 0.453818
 0.523636
 0.558545
 0.523636
 0.558545
 0.546909
 0.558545
 0.593455
 0.628364
 0.593455
 0.581818
 0.581818
 0.570182
 0.605091
 0.605091
 0.616727
 0.605091
 0.593455
 0.593455
 0.628364
 0.628364
 0.616727
 0.581818
 0.616727
 0.651636
 0.616727
 0.581818
 0.651636
 0.640000
 0.640000
 0.605091
 0.570182
 0.570182
 0.558545
 0.523636
 0.488727
 0.453818
 0.418909
 0.384000
 0.314182
 0.279273
 0.244364
 0.209455
 0.209455
 0.174545
 0.162909
 0.151273
 0.186182
 0.197818
 0.186182
 0.174545
 0.209455
 0.244364
 0.244364
 0.279273
 0.314182
 0.314182
 0.349091
 0.337455
 0.372364
 0.384000
 0.384000
 0.384000
 0.384000
 0.453818
 0.488727
 0.453818
 0.418909
 0.430545
 0.430545
 0.465455
 0.430545
 0.430545
 0.418909
 0.407273
 0.407273
 0.407273
 0.407273
 0.372364
 0.372364
 0.384000
 0.372364
 0.372364
 0.360727
 0.372364
 0.337455
 0.349091
 0.349091
 0.349091
 0.337455
 0.337455
 0.325818
 0.360727
 0.325818
 0.360727
 0.430545
 0.465455
 0.500364
 0.500364
 0.488727
 0.349091
 0.337455
 0.302545
 0.314182
 0.279273
 0.244364
 0.244364
 0.209455
 0.209455
 0.221091
 0.186182
 0.186182
 0.174545
 0.186182
 0.197818
 0.197818
 0.162909
 0.174545
 0.139636
 0.209455
 0.453818
 0.896000
 1.140364
 0.698182
-0.104773
-0.919318
-0.884409
-0.744773
-0.500409
-0.360773
-0.116409
 0.011636
 0.151273
 0.221091
 0.232727
 0.232727
 0.232727
 0.244364
 0.244364
 0.256000
 0.267636
 0.302545
 0.267636
 0.279273
 0.267636
 0.267636
 0.279273
 0.290909
 0.290909
 0.302545
 0.267636
 0.302545
 0.337455
 0.302545
 0.302545
 0.290909
 0.279273
 0.314182
 0.302545
 0.302545
 0.302545
 0.302545
 0.290909
 0.256000
 0.256000
 0.221091
 0.232727
 0.197818
 0.162909
 0.128000
 0.093091
 0.058182
 0.023273
-0.034955
-0.069864
-0.058227
-0.046591
-0.081500
-0.093136
-0.104773
-0.093136
-0.081500
-0.046591
-0.034955
-0.000045
 0.000000
 0.034909
 0.046545
 0.058182
 0.069818
 0.081455
 0.116364
 0.128000
 0.128000
 0.162909
 0.162909
 0.174545
 0.174545
 0.174545
 0.174545
 0.174545
 0.174545
 0.174545
 0.174545
 0.186182
 0.197818
 0.162909
 0.197818
 0.162909
 0.197818
 0.162909
 0.174545
 0.174545
 0.174545
 0.209455
 0.174545
 0.174545
 0.209455
 0.209455
 0.244364
 0.279273
 0.279273
 0.314182
 0.349091
 0.384000
 0.314182
 0.244364
 0.209455
 0.174545
 0.174545
 0.139636
 0.139636
 0.128000
 0.093091
 0.093091
 0.081455
 0.081455
 0.081455
 0.069818
 0.081455
 0.093091
 0.093091
 0.058182
 0.069818
 0.081455
 0.093091
 0.162909
 0.407273
 0.849455
 1.093818
 0.651636
-0.151318
-0.965864
-0.896045
-0.756409
-0.512045
-0.372409
-0.232773
-0.093136
 0.139636
 0.151273
 0.116364
 0.151273
 0.186182
 0.221091
 0.221091
 0.232727
 0.197818
 0.232727
 0.244364
 0.256000
 0.267636
 0.267636
 0.267636
 0.302545
 0.302545
 0.302545
 0.314182
 0.314182
 0.314182
 0.325818
 0.325818
 0.325818
 0.337455
 0.372364
 0.372364
 0.337455
 0.372364
 0.372364
 0.337455
 0.337455
 0.349091
 0.314182
 0.349091
 0.314182
 0.279273
 0.209455
 0.174545
 0.174545
 0.139636
 0.069818
 0.034909
 0.023273
 0.034909
 0.034909
 0.000000
 0.034909
 0.000000
 0.034909
 0.046545
 0.058182
 0.069818
 0.104727
 0.093091
 0.093091
 0.128000
 0.162909
 0.197818
 0.209455
 0.221091
 0.256000
 0.221091
 0.256000
 0.221091
 0.232727
 0.267636
 0.256000
 0.256000
 0.244364
 0.279273
 0.244364
 0.244364
 0.279273
 0.244364
 0.279273
 0.244364
 0.244364
 0.244364
 0.256000
 0.267636
 0.302545
 0.372364
 0.337455
 0.407273
 0.407273
 0.372364
 0.302545
 0.267636
 0.232727
 0.244364
 0.232727
 0.232727
 0.244364
 0.174545
 0.162909
 0.197818
 0.162909
 0.174545
 0.162909
 0.197818
 0.186182
 0.186182
 0.186182
 0.151273
 0.186182
 0.151273
 0.186182
 0.430545
 0.872727
 1.117091
 1.047273
 0.232727
-0.570227
-0.814591
-0.779682
-0.535318
-0.395682
-0.151318
-0.011682
 0.116364
 0.256000
 0.290909
 0.290909
 0.302545
 0.302545
 0.337455
 0.325818
 0.360727
 0.360727
 0.360727
 0.360727
 0.349091
 0.384000
 0.384000
 0.384000
 0.418909
 0.418909
 0.384000
 0.418909
 0.453818
 0.418909
 0.453818
 0.453818
 0.442182
 0.453818
 0.453818
 0.465455
 0.465455
 0.500364
 0.465455
 0.500364
 0.430545
 0.418909
 0.384000
 0.418909
 0.384000
 0.349091
 0.314182
 0.302545
 0.267636
 0.232727
 0.162909
 0.093091
 0.128000
 0.162909
 0.162909
 0.128000
 0.139636
 0.151273
 0.186182
 0.186182
 0.174545
 0.174545
 0.209455
 0.221091
 0.232727
 0.267636
 0.279273
 0.244364
 0.256000
 0.290909
 0.279273
 0.290909
 0.325818
 0.314182
 0.279273
 0.290909
 0.290909
 0.302545
 0.302545
 0.314182
 0.349091
 0.279273
 0.279273
 0.279273
 0.279273
 0.290909
 0.290909
 0.279273
 0.279273
 0.279273
 0.267636
 0.256000
 0.290909
 0.290909
 0.256000
 0.221091
 0.256000
 0.267636
 0.279273
 0.244364
 0.279273
 0.267636
 0.279273
 0.279273
 0.314182
 0.349091
 0.360727
 0.395636
 0.407273
 0.372364
 0.302545
 0.267636
 0.232727
 0.232727
 0.232727
 0.232727
 0.197818
 0.162909
 0.174545
 0.139636
 0.139636
 0.128000
 0.128000
 0.116364
 0.116364
 0.151273
 0.139636
 0.139636
 0.128000
 0.139636
 0.384000
 0.826182
 1.070545
 1.105455
 0.290909
-0.512045
-0.954227
-0.954227
-0.709864
-0.465500
-0.221136
-0.081500
 0.046545
 0.116364
 0.151273
 0.162909
 0.174545
 0.186182
 0.174545
 0.186182
 0.197818
 0.209455
 0.221091
 0.186182
 0.186182
 0.221091
 0.221091
 0.232727
 0.232727
 0.232727
 0.244364
 0.244364
 0.279273
 0.267636
 0.267636
 0.267636
 0.232727
 0.244364
 0.256000
 0.244364
 0.244364
 0.244364
 0.244364
 0.279273
 0.244364
 0.209455
 0.197818
 0.197818
 0.162909
 0.128000
 0.093091
 0.058182
 0.023273
-0.000045
-0.034955
-0.069864
-0.104773
-0.104773
-0.139682
-0.128045
-0.116409
-0.081500
-0.151318
-0.081500
-0.069864
-0.034955
-0.034955
-0.034955
-0.046591
-0.011682
 0.011636
-0.011682
 0.011636
 0.023273
 0.058182
 0.046545
 0.046545
 0.046545
 0.058182
 0.058182
 0.058182
 0.058182
 0.058182
 0.023273
 0.058182
 0.058182
 0.023273
 0.023273
 0.011636
 0.011636
 0.023273
 0.023273
 0.023273
 0.023273
 0.023273
 0.034909
 0.000000
-0.000045
-0.000045
-0.000045
-0.011682
-0.011682
-0.011682
-0.023318
-0.023318
-0.034955
-0.000045
-0.034955
-0.000045
 0.058182
 0.058182
 0.093091
 0.128000
 0.128000
 0.116364
 0.128000
 0.116364
 0.046545
 0.011636
-0.011682
-0.011682
-0.046591
-0.058227
-0.069864
-0.104773
-0.069864
-0.104773
-0.093136
-0.058227
-0.093136
-0.093136
-0.093136
-0.104773
-0.093136
-0.058227
 0.000000
 0.244364
 0.686545
 0.930909
 0.488727
-0.314227
-1.128773
-1.198591
-1.058955
-0.814591
-0.674955
-0.430591
-0.186227
-0.046591
-0.058227
-0.058227
-0.058227
-0.023318
-0.011682
-0.000045
-0.011682
-0.023318
 0.000000
-0.023318
 0.000000
 0.011636
 0.023273
 0.023273
 0.023273
 0.011636
 0.011636
 0.046545
 0.011636
 0.046545
 0.046545
 0.081455
 0.046545
 0.058182
 0.093091
 0.058182
 0.058182
 0.058182
 0.046545
 0.034909
 0.023273
-0.000045
-0.011682
-0.023318
-0.034955
-0.104773
-0.139682
-0.174591
-0.209500
-0.244409
-0.279318
-0.314227
-0.349136
-0.360773
-0.360773
-0.360773
-0.360773
-0.360773
-0.349136
-0.337500
-0.325864
-0.290955
-0.256045
-0.256045
-0.244409
-0.244409
-0.209500
-0.209500
-0.174591
-0.174591
-0.174591
-0.162955
-0.162955
-0.174591
-0.162955
-0.128045
-0.139682
-0.139682
-0.139682
-0.139682
-0.151318
-0.151318
-0.186227
-0.186227
-0.174591
-0.174591
-0.186227
-0.221136
-0.186227
-0.221136
-0.209500
-0.197864
-0.186227
-0.197864
-0.209500
-0.209500
-0.221136
-0.221136
-0.221136
-0.209500
-0.221136
-0.186227
-0.174591
-0.139682
-0.104773
-0.093136
-0.093136
-0.104773
-0.139682
-0.279318
-0.244409
-0.244409
-0.256045
-0.290955
-0.290955
-0.290955
-0.325864
-0.337500
-0.325864
-0.325864
-0.337500
-0.349136
-0.360773
-0.325864
-0.314227
-0.279318
-0.314227
-0.244409
 0.186182
 0.628364
 0.616727
-0.186227
-1.000773
-1.442955
-1.373136
-1.233500
-0.989136
-0.849500
-0.605136
-0.465500
-0.325864
-0.290955
-0.279318
-0.267682
-0.232773
-0.244409
-0.232773
-0.221136
-0.221136
-0.209500
-0.221136
-0.209500
-0.197864
-0.186227
-0.174591
-0.174591
-0.174591
-0.139682
-0.151318
-0.162955
-0.197864
-0.162955
-0.151318
-0.139682
-0.139682
-0.139682
-0.128045
-0.128045
-0.128045
-0.128045
-0.139682
-0.174591
-0.186227
-0.221136
-0.232773
-0.244409
-0.279318
-0.314227
-0.349136
-0.384045
-0.418955
-0.488773
-0.500409
-0.535318
-0.535318
-0.546955
-0.558591
-0.523682
-0.523682
-0.512045
-0.477136
-0.512045
-0.500409
-0.465500
-0.430591
-0.395682
-0.395682
-0.360773
-0.360773
-0.349136
-0.337500
-0.302591
-0.337500
-0.337500
-0.325864
-0.325864
-0.314227
-0.314227
-0.349136
-0.314227
-0.325864
-0.314227
-0.314227
-0.325864
-0.325864
-0.325864
-0.360773
-0.349136
-0.314227
-0.349136
-0.360773
-0.360773
-0.325864
-0.360773
-0.372409
-0.372409
-0.372409
-0.360773
-0.360773
-0.360773
-0.349136
-0.360773
-0.349136
-0.314227
-0.314227
-0.279318
-0.244409
-0.244409
-0.232773
-0.221136
-0.256045
-0.325864
-0.395682
-0.395682
-0.384045
-0.384045
-0.418955
-0.430591
-0.500409
-0.465500
-0.430591
-0.465500
-0.465500
-0.465500
-0.453864
-0.488773
-0.453864
-0.453864
-0.442227
-0.430591
-0.186227
 0.244364
 0.488727
 0.046545
-0.756409
 1.407955
 1.396318
-1.442955
-1.198591
-1.058955
-0.814591
-0.674955
-0.430591
-0.430591
-0.418955
-0.407318
-0.395682
-0.395682
-0.384045
-0.349136
-0.360773
-0.372409
-0.337500
-0.349136
-0.337500
-0.349136
-0.337500
-0.349136
-0.349136
-0.314227
-0.314227
-0.314227
-0.302591
-0.290955
-0.325864
-0.290955
-0.302591
-0.302591
-0.302591
-0.314227
-0.314227
-0.314227
-0.325864
-0.360773
-0.325864
-0.360773
-0.360773
-0.372409
-0.407318
-0.442227
-0.512045
-0.546955
-0.558591
-0.593500
-0.628409
-0.663318
-0.674955
-0.686591
-0.686591
-0.698227
-0.663318
-0.628409
-0.616773
-0.581864
-0.581864
-0.570227
-0.570227
-0.535318
-0.535318
-0.500409
-0.512045
-0.523682
-0.512045
-0.512045
-0.500409
-0.488773
-0.453864
-0.442227
-0.477136
-0.465500
-0.453864
-0.453864
-0.488773
-0.488773
-0.453864
-0.465500
-0.477136
-0.477136
-0.442227
-0.453864
-0.488773
-0.488773
-0.523682
-0.453864
-0.442227
-0.453864
-0.488773
-0.477136
-0.477136
-0.488773
-0.500409
-0.465500
-0.430591
-0.465500
-0.430591
-0.395682
-0.395682
-0.360773
-0.325864
-0.314227
-0.349136
-0.314227
-0.325864
-0.395682
-0.430591
-0.430591
-0.430591
-0.465500
-0.465500
-0.500409
-0.512045
-0.477136
-0.512045
-0.512045
-0.523682
-0.488773
-0.488773
-0.488773
-0.453864
-0.453864
-0.488773
-0.418955
 0.011636
 0.453818
 0.593455
 0.151273
-0.651682
-1.466227
 1.442864
-1.466227
-1.221864
-1.082227
-0.837864
-0.593500
-0.523682
-0.453864
-0.384045
-0.349136
-0.384045
-0.372409
-0.384045
-0.314227
-0.314227
-0.349136
-0.314227
-0.314227
-0.302591
-0.302591
-0.302591
-0.337500
-0.302591
-0.290955
-0.256045
-0.221136
-0.256045
-0.244409
-0.279318
-0.244409
-0.209500
-0.197864
-0.209500
-0.209500
-0.209500
-0.221136
-0.221136
-0.256045
-0.267682
-0.267682
-0.337500
-0.372409
-0.384045
-0.418955
-0.430591
-0.465500
-0.465500
-0.535318
-0.546955
-0.581864
-0.616773
-0.605136
-0.640045
-0.605136
-0.570227
-0.535318
-0.546955
-0.535318
-0.570227
-0.535318
-0.500409
-0.465500
-0.430591
-0.430591
-0.430591
-0.430591
-0.395682
-0.407318
-0.395682
-0.360773
-0.360773
-0.372409
-0.384045
-0.418955
-0.384045
-0.349136
-0.349136
-0.337500
-0.349136
-0.384045
-0.418955
-0.349136
-0.337500
-0.325864
-0.360773
-0.395682
-0.360773
-0.372409
-0.372409
-0.372409
-0.384045
-0.384045
-0.395682
-0.360773
-0.372409
-0.372409
-0.384045
-0.372409
-0.360773
-0.372409
-0.360773
-0.325864
-0.290955
-0.256045
-0.256045
-0.290955
-0.256045
-0.244409
-0.314227
-0.349136
-0.360773
-0.372409
-0.407318
-0.395682
-0.430591
-0.442227
-0.453864
-0.488773
-0.418955
-0.407318
-0.418955
-0.430591
-0.418955
-0.418955
-0.453864
-0.418955
-0.418955
-0.174591
 0.256000
 0.500364
 0.256000
-0.546955
-1.361500
 1.373045
-1.466227
-1.221864
-0.977500
-0.733136
-0.488773
-0.349136
-0.349136
-0.314227
-0.302591
-0.302591
-0.290955
-0.325864
-0.290955
-0.325864
-0.256045
-0.244409
-0.256045
-0.267682
-0.302591
-0.302591
-0.290955
-0.256045
-0.221136
-0.151318
-0.186227
-0.186227
-0.174591
-0.174591
-0.162955
-0.174591
-0.186227
-0.186227
-0.174591
-0.186227
-0.174591
-0.209500
-0.209500
-0.244409
-0.256045
-0.267682
-0.267682
-0.302591
-0.337500
-0.372409
-0.442227
-0.512045
-0.523682
-0.523682
-0.558591
-0.593500
-0.593500
-0.605136
-0.605136
-0.570227
-0.535318
-0.500409
-0.500409
-0.500409
-0.465500
-0.430591
-0.430591
-0.395682
-0.360773
-0.360773
-0.325864
-0.360773
-0.360773
-0.325864
-0.325864
-0.314227
-0.302591
-0.302591
-0.302591
-0.372409
-0.337500
-0.302591
-0.302591
-0.372409
-0.302591
-0.267682
-0.256045
-0.290955
-0.302591
-0.314227
-0.314227
-0.302591
-0.337500
-0.325864
-0.325864
-0.290955
-0.279318
-0.290955
-0.302591
-0.290955
-0.290955
-0.302591
-0.314227
-0.279318
-0.267682
-0.267682
-0.267682
-0.232773
-0.197864
-0.209500
-0.174591
-0.139682
-0.174591
-0.244409
-0.314227
-0.302591
-0.314227
-0.302591
-0.302591
-0.337500
-0.372409
-0.384045
-0.384045
-0.372409
-0.372409
-0.360773
-0.372409
-0.372409
-0.360773
-0.395682
-0.384045
-0.395682
-0.151318
 0.279273
 0.721455
-0.081500
-0.896045
-1.338227
-1.477864
-1.338227
-1.093864
-0.849500
-0.709864
-0.465500
-0.325864
-0.314227
-0.279318
-0.290955
-0.256045
-0.244409
-0.232773
-0.221136
-0.256045
-0.244409
-0.232773
-0.197864
-0.162955
-0.174591
-0.174591
-0.174591
-0.174591
-0.186227
-0.151318
-0.186227
-0.151318
-0.116409
-0.116409
-0.151318
-0.116409
-0.151318
-0.116409
-0.116409
-0.116409
-0.116409
-0.116409
-0.128045
-0.128045
-0.162955
-0.162955
-0.197864
-0.232773
-0.244409
-0.256045
-0.290955
-0.325864
-0.395682
-0.430591
-0.430591
-0.442227
-0.477136
-0.442227
-0.477136
-0.477136
