 0.7050
 0.7110
 0.6240
 0.5140
 0.4990
 0.5170
 0.4820
 0.5670
 0.6030
 0.4960
 0.6070
 0.6550
 0.5590
 0.6610
 0.6740
 0.6680
 0.6890
 0.6110
 0.5140
 0.5550
 0.5610
 0.6090
 0.5840
 0.5420
 0.5460
 0.5670
 0.5520
 0.5240
 0.5380
 0.5720
 0.5950
 0.6270
 0.6100
 0.6460
 0.6470
 0.6430
 0.6310
 0.6030
 0.5620
 0.6420
 0.6580
 0.6480
 0.6290
 0.5610
 0.5610
 0.5240
 0.4810
 0.5230
 0.5400
 0.5260
 0.5170
 0.5310
 0.5250
 0.4870
 0.4430
 0.4930
 0.5820
 0.6030
 0.6490
 0.6370
 0.6850
 0.6340
 0.5690
 0.5940
 0.5740
 0.5330
 0.5500
 0.5590
 0.5680
 0.5160
 0.5730
 0.5400
 0.6820
 0.6760
 0.5630
 0.5910
 0.5860
 0.5880
 0.5660
 0.5420
 0.4630
 0.5170
 0.5390
 0.4100
 0.4160
 0.5350
 0.5340
 0.5380
 0.6030
 0.5870
 0.6100
 0.7000
 0.7240
 0.7560
 0.7840
 0.7820
 0.7660
 0.7680
 0.7300
 0.6990
 0.7140
 0.6990
 0.7430
 0.7160
 0.7340
 0.6990
 0.5560
 0.6070
 0.6130
 0.7050
 0.6910
 0.6560
 0.6550
 0.6830
 0.6900
 0.7140
 0.6230
 0.5890
 0.5840
 0.5790
 0.6060
 0.6100
 0.6700
 0.5920
 0.5520
 0.4960
 0.5010
 0.5590
 0.4970
 0.5300
 0.3730
 0.3300
 0.5000
 0.5070
 0.5260
 0.5470
 0.5310
 0.5710
 0.4690
 0.4880
 0.5310
 0.4730
 0.5150
 0.5490
 0.5820
 0.5720
 0.5740
 0.6050
 0.5890
 0.6000
 0.6000
 0.6220
 0.6410
 0.6680
 0.8100
 0.8720
 0.7190
 0.8290
 0.6980
 0.8130
 0.7580
 0.7560
 0.6980
 0.6070
 0.5590
 0.5760
 0.6650
 0.7740
 0.6200
 0.4990
 0.6090
 0.5720
 0.3790
 0.3850
 0.4840
 0.4550
 0.4390
 0.4500
 0.3910
 0.4800
 0.4950
 0.5270
 0.5530
 0.5130
 0.3810
 0.4340
 0.3990
 0.4420
 0.5370
 0.5360
 0.5370
 0.5300
 0.4780
 0.5130
 0.5140
 0.5530
 0.5350
 0.5130
 0.5250
 0.5200
 0.5130
 0.5180
 0.4940
 0.5070
 0.4680
 0.4720
 0.5120
 0.5760
 0.5620
 0.4660
 0.4870
 0.5300
 0.5050
 0.5180
 0.5180
 0.5350
 0.5350
 0.5420
 0.5420
 0.5490
 0.5920
 0.6410
 0.6390
 0.5650
 0.5650
 0.5600
 0.5830
 0.5750
 0.5700
 0.4830
 0.4770
 0.6040
 0.6440
 0.6470
 0.6550
 0.7090
 0.6690
 0.6020
 0.5700
 0.5540
 0.4930
 0.4610
 0.6290
 0.6420
 0.6350
 0.6420
 0.6700
 0.6240
 0.6630
 0.6690
 0.7240
 0.7860
 0.8830
 0.8130
 0.8140
 0.7780
 0.7650
 0.7040
 0.7130
 0.6460
 0.6640
 0.6120
 0.6750
 0.6450
 0.6100
 0.6490
 0.6690
 0.7070
 0.6430
 0.5800
 0.5540
 0.5810
 0.6140
 0.5600
 0.6060
 0.6040
 0.5630
 0.5880
 0.6140
 0.5960
 0.5840
 0.5870
 0.5820
 0.5900
 0.6220
 0.6390
 0.6200
 0.6320
 0.6230
 0.6100
 0.6980
 0.7190
 0.7150
 0.7720
 0.8180
 0.7720
 0.8340
 0.8410
 0.9440
 1.0860
 1.1060
 1.0780
 1.0590
 0.9190
 0.8900
 0.9740
 1.0130
 0.9640
 1.0430
 1.0600
 1.1370
 0.9600
 0.9310
 0.8640
 0.9550
 0.8720
 0.6800
 0.6250
 0.5700
 0.4550
 0.4790
 0.5560
 0.5350
 0.4550
 0.5890
 0.6300
 0.5680
 0.5440
 0.5710
 0.5850
 0.5570
 0.6110
 0.5650
 0.5820
 0.4310
 0.5360
 0.4750
 0.4720
 0.4690
 0.5210
 0.4950
 0.5650
 0.5920
 0.6170
 0.5760
 0.6910
 0.6840
 0.6740
 0.6340
 0.6700
 0.7100
 0.7320
 0.7600
 0.7180
 0.5910
 0.4520
 0.5550
 0.5680
 0.4790
 0.5580
 0.5650
 0.5190
 0.4590
 0.4810
 0.4790
 0.5360
 0.5490
 0.5360
 0.4500
 0.4650
 0.5220
 0.6340
 0.6730
 0.6820
 0.7000
 0.7310
 0.6960
 0.6920
 0.6470
 0.6030
 0.6110
 0.5730
 0.6330
 0.7710
 0.7120
 0.7740
 0.7520
 0.7750
 0.8030
 0.8400
 0.8240
 0.7970
 0.7730
 0.8230
 0.8880
 0.8460
 0.7880
 0.8660
 0.9020
 0.9380
 0.8800
 0.9430
 0.8450
 0.8570
 0.8620
 0.8320
 0.8880
 0.9240
 0.9210
 0.9130
 0.8900
 0.8210
 0.8750
 0.6980
 0.4400
 0.4610
 0.5860
 0.6370
 0.6830
 0.5810
 0.5580
 0.5460
 0.6600
 0.6720
 0.5790
 0.6880
 0.5390
 0.5450
 0.5970
 0.6160
 0.6570
 0.6470
 0.6360
 0.6280
 0.6280
 0.6430
 0.5960
 0.6070
 0.6030
 0.5680
 0.5470
 0.6150
 0.5920
 0.5950
 0.5230
 0.5240
 0.6090
 0.6090
 0.5990
 0.6130
 0.6020
 0.5720
 0.5860
 0.6570
 0.5580
 0.5630
 0.5510
 0.5510
 0.5910
 0.5920
 0.5880
 0.6080
 0.6160
 0.5740
 0.5960
 0.5420
 0.5010
 0.6280
 0.5620
 0.5660
 0.5880
 0.6760
 0.7020
 0.6970
 0.7070
 0.7550
 0.7880
 0.7160
 0.6750
 0.6200
 0.7010
 0.7020
 0.6810
 0.6890
 0.6790
 0.7720
 0.6990
 0.6570
 0.5500
 0.5380
 0.5030
 0.5940
 0.5510
 0.5770
 0.5680
 0.5730
 0.5860
 0.5970
 0.5970
 0.6020
 0.6190
 0.5760
 0.5750
 0.5510
 0.5240
 0.5200
 0.5550
 0.4990
 0.5130
 0.7320
 0.6910
 0.7550
 0.6730
 0.7340
 0.7740
 0.7910
 0.8030
 0.8690
 0.8550
 0.8070
 0.8220
 0.6070
 0.6630
 0.9320
 0.8870
 0.8570
 0.8950
 0.8020
 0.8100
 0.7790
 0.7290
 0.7880
 0.7850
 0.7180
 0.6510
 0.7240
 0.7090
 0.7670
 0.7230
 0.7150
 0.7220
 0.7540
 0.7270
 0.7200
 0.6670
 0.6880
 0.6980
 0.6950
 0.6340
 0.6380
 0.6540
 0.7070
 0.9070
 0.8340
 0.7990
 0.7830
 0.8460
 0.8480
 0.8780
 0.8860
 0.7780
 0.8360
 0.9000
 0.8550
 0.7110
 0.7890
 0.8420
 0.8380
 0.7230
 0.6880
 0.9060
 0.8900
 0.9120
 0.8630
 0.8570
 0.8420
 0.8350
 0.6090
 0.6190
 0.5940
 0.6350
 0.7050
 0.7800
 0.7680
 0.7010
 0.6930
 0.7110
 0.6990
 0.7380
 0.7170
 0.7540
 0.8590
 0.9200
 0.9050
 0.9130
 0.9040
 0.8980
 0.9500
 0.9190
 0.7960
 0.7170
 0.7000
 0.6430
 0.5110
 0.5440
 0.5750
 0.6560
 0.7580
 0.6970
 0.8910
 0.7380
 0.7010
 0.7900
 0.8070
 0.8470
 0.8770
 0.6380
 0.7420
 0.7110
 0.7790
 0.7690
 0.8170
 0.6670
 0.7090
 0.7510
 0.7360
 0.7060
 0.7070
 0.7340
 0.7100
 0.7500
 0.7080
 0.6820
 0.6270
 0.6880
 0.7350
 0.7250
 0.7710
 0.7970
 0.7930
 0.7410
 0.7320
 0.7260
 0.7330
 0.6790
 0.6720
 0.6560
 0.6050
 0.5460
 0.6330
 0.5870
 0.6140
 0.6540
 0.6800
 0.5940
 0.6020
 0.7870
 0.7350
 0.7320
 0.6260
 0.7150
 0.6180
 0.7220
 0.6970
 0.6840
 0.6580
 0.5710
 0.6140
 0.6140
 0.7040
 0.6200
 0.6790
 0.7180
 0.7060
 0.7000
 0.7240
 0.6980
 0.5510
 0.6020
 0.7660
 0.6910
 0.7090
 0.6870
 0.7230
 0.6890
 0.7080
 0.7190
 0.5950
 0.6940
 0.8230
 0.6230
 0.7250
 0.8010
 0.8100
 0.7930
 0.7470
 0.8060
 0.8320
 0.8590
 0.8580
 0.8350
 0.6440
 0.6690
 0.6600
 0.7120
 0.6790
 0.7270
 0.7560
 0.6880
 0.7440
 0.6310
 0.7010
 0.7660
 0.7560
 0.7500
 0.7750
 0.7610
 0.7590
 0.7810
 0.7320
 0.8580
 0.8860
 0.7760
 0.6560
 0.5340
 0.7360
 0.7210
 0.5690
 0.6350
 0.7690
 0.8680
 0.8320
 0.8030
 0.7810
 0.8460
 0.9150
 0.8890
 0.7750
 0.7650
 0.7690
 0.6540
 0.5870
 0.6450
 0.7100
 0.6140
 0.6000
 0.6870
 0.6700
 0.6520
 0.6400
 0.6620
 0.6320
 0.6080
 0.6360
 0.6580
 0.6590
 0.6450
 0.6080
 0.6550
 0.5870
 0.5450
 0.5740
 0.6470
 0.6050
 0.5760
 0.6480
 0.6560
 0.6010
 0.5450
 0.6240
 0.7060
 0.6120
 0.6780
 0.6920
 0.6600
 0.6620
 0.6770
 0.7310
 0.6690
 0.6920
 0.7140
 0.6800
 0.6910
 0.6760
 0.7090
 0.7830
 0.7450
 0.7320
 0.6840
 0.6880
 0.6740
 0.7020
 0.7840
 0.7050
 0.5180
 0.4660
 0.5420
 0.6680
 0.6730
 0.6900
 0.7250
 0.6820
 0.6950
 0.6480
 0.5360
 0.5860
 0.5230
 0.5530
 0.6470
 0.5960
 0.4270
 0.5280
 0.5980
 0.5550
 0.4680
 0.6010
 0.6800
 0.4800
 0.5100
 0.5800
 0.6830
 0.6690
 0.6140
 0.5320
 0.6100
 0.6890
 0.6060
 0.7510
 0.8130
 0.8700
 0.9530
 0.9580
 0.9810
 0.9880
 0.9340
 0.9110
 0.8500
 0.8220
 0.7320
 0.8410
 0.6910
 0.6110
 0.6660
 0.6410
 0.6830
 0.6810
 0.6680
 0.6850
 0.7310
 0.7050
 0.7130
 0.6300
 0.6250
 0.5860
 0.5560
 0.5190
 0.5200
 0.5640
 0.6050
 0.6060
 0.6020
 0.6150
 0.6220
 0.6360
 0.6170
 0.5840
 0.5830
 0.5810
 0.6490
 0.6370
 0.6550
 0.6300
 0.6670
 0.6690
 0.7630
 0.7800
 0.7520
 0.7910
 0.8470
 0.7330
 0.8160
 0.8470
 0.9380
 0.8990
 0.8400
 0.9100
 0.9650
 0.9150
 0.8700
 0.8730
 0.9150
 0.7690
 0.8140
 0.7610
 0.6830
 0.6140
 0.5750
 0.6530
 0.6910
 0.6480
 0.6590
 0.7050
 0.6130
 0.6510
 0.6880
 0.7040
 0.6970
 0.6700
 0.7810
 0.8480
 0.7100
 0.7630
 0.6870
 0.7570
 0.7560
 0.7540
 0.8170
 0.8760
 0.8550
 0.7960
 0.7640
 0.7930
 0.8450
 0.7370
 0.6720
 0.7220
 0.7070
 0.7310
 0.7110
 0.7530
 0.6910
 0.5700
 0.4650
 0.4970
 0.5170
 0.6380
 0.7740
 0.8310
 0.7950
 0.8150
 0.8300
 0.8340
 0.7690
 0.7320
 0.7330
 0.7250
 0.6930
 0.6970
 0.7090
 0.7200
 0.7370
 0.7390
 0.7690
 0.7990
 0.8050
 0.7690
 0.7600
 0.7470
 0.7140
 0.7030
 0.7380
 0.7310
 0.6010
 0.7310
 0.7160
 0.6550
 0.5060
 0.5080
 0.7150
 0.6790
 0.6180
 0.6120
 0.6070
 0.6430
 0.6720
 0.6560
 0.5980
 0.6290
 0.7360
 0.7700
 0.6770
 0.7570
 0.7610
 0.7750
 0.5710
 0.6120
 0.6910
 0.8230
 0.8080
 0.7750
 0.7980
 0.7950
 0.7500
 0.7960
 0.7290
 0.6380
 0.7170
 0.7500
 0.6830
 0.6910
 0.6850
 0.6370
 0.6820
 0.6360
 0.6580
 0.6690
 0.6620
 0.6020
 0.6140
 0.6370
 0.6290
 0.5910
 0.5020
 0.5520
 0.5760
 0.5670
 0.5650
 0.6100
 0.6320
 0.6770
 0.7030
 0.8170
 0.8900
 0.8850
 0.8960
 0.9270
 0.8900
 0.9010
 0.8760
 0.9040
 0.7600
 0.7450
 0.7820
 0.8090
 0.8620
 0.6950
 0.7620
 0.7560
 0.8470
 0.7510
 0.6640
 0.7180
 0.7500
 0.8150
 0.8240
 0.7800
 0.7720
 0.8020
 0.8110
 0.8610
 0.8970
 0.9310
 0.8780
 0.7700
 0.8030
 0.7960
 0.7390
 0.7590
 0.6060
 0.7550
 0.8130
 0.8500
 0.8510
 0.8920
 0.9070
 0.8410
 0.8300
 0.7800
 0.8540
 0.8770
 0.8900
 0.9770
 0.9640
 0.9000
 0.8710
 0.9110
 0.9000
 0.8040
 0.8800
 0.9520
 0.9830
 0.9730
 0.8160
 0.8320
 0.8670
 0.8090
 0.6420
 0.5560
 0.7430
 0.6270
 0.6610
 0.6750
 0.8200
 0.8770
 0.8400
 0.6380
 0.5490
 0.5940
 0.7120
 0.9400
 0.9750
 0.9650
 0.9090
 0.9280
 1.0150
 1.0200
 0.9250
 0.8710
 0.8700
 1.1230
 1.0810
 0.9850
 0.8490
 0.7050
 0.7560
 0.7520
 0.8480
 0.8310
 0.7990
 0.7700
 0.8080
 0.8600
 0.8960
 0.9080
 0.9840
 1.0290
 0.9680
 0.9630
 0.8670
 0.8860
 0.8980
 0.8890
 0.8840
 0.7560
 0.7680
 0.7640
 0.7630
 0.7190
 0.6650
 0.5450
 0.5860
 0.6730
 0.6820
 0.7430
 0.7960
 0.7860
 0.7600
 0.8830
 0.7970
 0.8350
 0.8610
 0.8540
 0.8760
 0.8870
 0.9390
 0.9280
 0.8940
 0.7780
 0.7460
 0.7850
 0.7790
 0.7520
 0.7830
 0.7860
 0.7880
 0.7170
 0.7190
 0.7360
 0.8680
 0.8530
 0.8390
 0.6680
 0.6980
 0.4840
 0.7810
 0.8630
 0.7070
 0.7710
 0.8050
 0.6440
 0.5830
 0.7110
 0.6170
 0.6830
 0.7060
 0.6900
 0.6170
 0.5660
 0.5710
 0.6170
 0.6090
 0.6160
 0.6940
 0.7300
 0.7260
 0.6590
 0.6850
 0.6860
 0.6860
 0.5880
 0.5420
 0.6020
 0.5640
 0.5500
 0.5440
 0.5670
 0.6450
 0.6790
 0.7280
 0.7050
 0.6740
 0.6670
 0.6730
 0.6790
 0.6820
 0.6130
 0.6390
 0.6140
 0.6440
 0.6940
 0.7010
 0.7040
 0.7050
 0.6000
 0.6450
 0.6440
 0.6420
 0.6540
 0.7350
 0.6730
 0.6150
 0.6520
 0.6680
 0.6940
 0.6960
 0.7320
 0.6940
 0.6340
 0.5670
 0.5670
 0.5780
 0.6220
 0.5880
 0.6040
 0.5990
 0.5890
 0.5850
 0.6080
 0.5590
 0.5710
 0.5940
 0.6030
 0.6160
 0.6650
 0.6840
 0.6800
 0.5150
 0.5820
 0.7410
 0.7110
 0.8100
 0.7940
 0.7340
 0.7750
 0.8610
 0.8980
 0.9760
 1.0250
 0.9390
 0.9570
 1.1600
 1.1650
 1.0780
 0.7910
 0.9020
 0.6860
 0.7450
 0.9470
 0.8660
 0.6910
 0.5110
 0.5260
 0.5250
 0.5750
 0.6410
 0.7360
 0.7250
 0.7190
 0.7200
 0.7200
 0.7070
 0.6900
 0.6630
 0.6520
 0.6600
 0.6130
 0.6560
 0.7360
 0.7290
 0.6800
 0.6470
 0.6770
 0.7300
 0.7730
 0.6940
 0.7240
 0.8070
 0.7170
 0.6540
 0.6900
 0.6720
 0.6770
 0.6390
 0.7130
 0.6380
 0.6870
 0.6030
 0.5590
 0.5960
 0.7590
 0.7990
 0.8330
 0.8910
 0.7950
 0.6860
 0.6290
 0.6390
 0.6790
 0.6720
 0.5510
 0.6060
 0.5400
 0.5380
 0.5790
 0.6120
 0.6250
 0.6070
 0.6470
 0.6570
 0.7000
 0.6560
 0.5950
 0.5880
 0.5990
 0.5560
 0.7980
 0.7860
 0.8360
 0.7730
 0.7560
 0.7540
 0.7500
 0.7580
 0.7360
 0.6750
 0.6640
 0.7850
 0.6620
 0.7050
 0.6790
 0.6630
 0.6910
 0.7260
 0.6170
 0.6510
 0.5820
 0.6790
 0.7220
 0.7230
 0.7780
 0.7830
 0.8310
 0.8450
 0.7690
 0.7860
 0.7940
 0.7760
 0.8470
 0.7050
 0.7090
 0.8460
 0.8340
 0.8080
 0.7770
 0.6930
 0.6800
 0.5450
 0.7070
 0.8010
 0.8440
 0.7800
 0.6990
 0.7120
 0.7490
 0.7530
 0.8550
 0.8430
 0.8640
 0.8560
 0.8360
 0.7470
 0.7210
 0.7230
 0.8390
 0.8550
 0.9290
 0.9780
 1.0760
 0.8530
 0.7830
 0.8440
 0.8360
 0.8600
 0.9140
 0.8720
 0.8770
 0.9430
 0.7080
 0.7220
 0.7930
 0.9350
 0.9060
 0.8810
 0.9030
 1.0770
 1.0450
 0.7350
 0.8890
 0.7970
 0.7670
 0.7900
 0.7180
 0.7230
 0.6590
 0.6800
 0.7030
 0.7140
 0.7460
 0.7750
 0.7440
 0.7640
 0.7850
 0.7920
 0.8100
 0.8450
 0.8050
 0.8080
 0.7870
 0.7510
 0.7480
 0.7180
 0.6750
 0.6600
 0.7050
 0.7280
 0.7290
 0.7500
 0.7980
 0.7480
 0.6960
 0.7280
 0.6920
 0.6920
 0.8070
 0.7170
 0.6580
 0.6840
 0.7420
 0.7270
 0.7350
 0.7480
 0.7220
 0.8780
 0.9770
 0.9940
 0.9830
 0.9730
 0.9590
 1.0630
 0.9790
 0.9460
 0.8470
 0.9900
 0.9200
 0.9130
 0.9540
 0.9260
 0.9970
 0.9830
 1.0150
 1.0660
 0.6520
 1.0090
 1.0220
 1.0870
 1.0840
 1.1160
 1.0900
 0.9520
 0.8760
 0.8490
 1.0250
 0.9910
 0.6810
 0.7850
 0.7500
 0.7960
 0.7770
 0.7580
 0.7200
 0.6620
 0.6050
 0.6800
 0.7630
 0.6980
 0.7950
 0.8070
 0.7750
 0.7990
 0.7350
 0.7640
 0.8100
 0.8180
 0.7400
 0.9140
 0.8870
 0.9230
 1.0220
 1.1880
 1.1790
 0.9010
 0.9860
 1.0860
 1.0720
 1.0500
 0.9980
 1.0490
 0.9330
 0.9100
 0.8200
 0.8740
 0.8310
 0.8380
 0.8080
 0.8740
 0.9020
 0.8440
 0.8000
 0.7800
 0.7540
 0.7740
 0.7030
 0.5990
 0.7620
 0.7510
 0.7230
 0.7320
 0.6480
 0.6000
 0.6160
 0.5930
 0.5700
 0.6170
 0.7240
 0.7800
 0.7410
 0.6940
 0.6590
 0.6840
 0.7350
 0.7180
 0.6790
 0.6210
 0.5990
 0.6310
 0.6270
 0.6110
 0.5810
 0.5950
 0.6030
 0.6230
 0.6070
 0.6120
 0.6040
 0.6580
 0.6760
 0.6620
 0.6470
 0.6930
 0.8000
 0.9000
 1.0150
 0.9960
 0.9590
 1.0080
 1.1700
 1.2860
 1.3350
 1.3170
 1.2200
 1.1120
 1.1150
 1.0970
 1.1010
 1.1150
 1.0600
 1.0570
 1.1190
 1.1580
 1.0400
 1.0660
 1.0980
 1.2110
 1.3390
 1.4310
 1.4940
 1.4900
 1.5400
 1.5540
 1.5210
 1.5580
 1.5490
 1.5500
 1.5670
 1.5720
 1.5900
 1.5040
 1.4580
 1.5070
 1.5480
 1.5960
 1.6400
 1.6500
 1.6170
 1.6220
 1.5200
 1.6830
 1.7050
 1.7140
 1.6080
 1.6760
 1.7060
 1.6880
 1.7950
 1.9540
 1.8830
 1.8660
 1.8610
 1.9420
 2.0350
 1.8460
 1.7610
 1.9090
 1.8270
 1.5710
 1.8050
 1.5920
 1.6620
 1.8070
 1.5260
 1.4920
 1.6100
 1.4170
 1.5720
 1.6850
 1.7860
 1.7690
 1.7040
 1.5460
 1.5010
 1.5950
 1.4850
 1.5830
 1.7250
 1.6890
 1.9220
 1.9410
 1.9600
 1.9850
 1.5720
 1.5500
 1.3880
 1.1720
 0.8080
 0.8970
 1.0110
 1.0160
 1.0060
 1.1550
 1.1530
 1.0260
 0.9920
 0.8250
 0.5310
 0.5980
 0.6510
 0.7360
 0.6490
 0.7520
 0.8820
 0.8180
 0.9310
 0.8240
 0.7910
 0.8750
 0.9260
 1.1440
 0.7480
 0.7770
 0.8140
 0.9920
 0.9150
 0.6730
 0.7020
 0.7490
 0.7560
 0.7640
 0.8020
 0.8050
 0.7800
 0.7110
 0.8110
 0.8880
 0.8380
 0.8560
 0.7580
 0.7450
 0.7470
 0.7060
 0.7300
 0.7300
 0.7560
 0.7720
 0.7980
 0.7490
 0.7800
 0.8110
 0.8490
 0.7890
 0.7270
 0.6910
 0.7790
 0.8050
 0.8210
 0.8760
 0.8250
 0.8940
 0.9230
 0.9420
 0.8890
 0.8550
 0.8750
 0.8770
 0.8940
 0.8040
 0.8400
 0.7930
 0.7740
 1.0080
 1.0820
 0.9760
 1.0770
 1.0670
 0.9450
 0.7880
 0.7610
 0.7430
 0.7260
 0.6850
 0.5260
 0.6220
 0.7500
 0.6880
 0.6940
 0.6200
 0.5390
 0.6940
 0.7610
 0.7710
 0.7870
 0.7840
 0.7210
 0.7010
 0.6920
 0.6730
 0.7260
 0.7610
 0.7880
 0.8850
 0.9330
 0.7270
 1.0170
 0.9500
 0.8260
 0.9180
 0.8490
 0.9090
 0.8550
 0.8690
 0.8180
 0.8320
 0.8440
 0.8780
 0.8820
 0.8920
 0.9070
 0.8180
 0.6350
 0.7440
 0.6010
 0.9140
 0.8240
 0.7790
 0.6350
 0.7540
 0.7910
 0.6080
 0.7660
 0.6280
 0.7330
 0.7500
 0.6110
 0.7720
 0.6620
 0.6830
 0.8370
 0.8650
 0.7540
 0.8010
 0.5960
 0.5470
 0.5590
 0.5650
 0.5880
 0.5940
 0.5080
 0.6360
 0.6570
 0.6410
 0.7320
 0.7320
 0.6840
 0.6240
 0.6290
 0.6030
 0.7220
 0.7200
 0.6460
 0.6870
 0.6890
 0.5220
 0.5870
 0.6820
 0.6950
 0.6970
 0.7590
 0.7360
 0.7130
 0.7580
 0.7420
 0.7370
 0.7000
 0.6760
 0.7640
 0.7060
 0.7090
 0.6640
 0.6620
 0.6560
 0.6850
 0.6950
 0.6770
 0.6720
 0.6510
 0.5850
 0.6850
 0.6840
 0.6650
 0.6430
 0.6580
 0.6970
 0.7340
 0.7400
 0.7240
 0.8000
 0.8780
 0.9130
 0.9300
 0.9500
 1.0060
 0.9000
 1.0300
 1.0320
 0.9480
 0.9430
 0.9200
 0.6410
 0.8190
 0.7950
 0.7950
 0.7480
 0.6720
 0.6780
 0.6470
 0.7070
 0.5980
 0.6090
 0.6240
 0.6710
 0.6440
 0.6760
 0.6900
 0.6920
 0.6780
 0.6560
 0.6530
 0.6830
 0.6160
 0.6850
 0.7480
 0.7670
 0.8290
 0.8380
 0.8490
 0.8660
 0.8170
 0.7860
 0.8180
 0.8730
 0.8740
 0.8310
 0.8410
 0.8680
 0.8860
 0.9320
 0.8420
 0.8510
 0.8210
 0.8180
 0.8140
 0.8450
 0.9100
 0.9070
 0.9350
 0.9070
 0.8200
 0.6120
 0.6260
 0.6930
 0.6320
 0.6620
 0.8270
 0.7330
 0.6780
 0.6910
 0.6930
 0.6610
 0.6390
 0.6350
 0.6810
 0.6440
 0.5520
 0.6260
 0.5670
 0.5520
 0.5670
 0.6470
 0.6680
 0.7550
 0.7250
 0.6120
 0.6230
 0.6260
 0.6840
 0.6240
 0.5970
 0.7040
 0.6670
 0.5580
 0.5990
 0.5950
 0.5970
 0.5580
 0.5690
 0.5230
 0.5830
 0.6400
 0.6500
 0.6090
 0.7210
 0.7430
 0.7430
 0.7520
 0.7180
 0.5980
 0.5800
 0.4980
 0.5830
 0.6930
 0.5940
 0.5970
 0.6390
 0.6200
 0.6450
 0.7610
 0.7030
 0.6120
 0.7460
 1.3100
 1.5420
 1.4560
 1.4410
 1.0970
 1.0450
 0.9810
 1.1250
 1.0270
 1.1770
 1.0580
 1.0650
 1.2710
 1.2010
 1.1640
 1.2800
 1.1920
 1.0480
 0.9680
 0.8460
 0.8490
 0.7830
 0.7770
 0.8040
 0.7230
 0.6680
 0.8050
 0.7590
 0.7230
 0.7100
 0.7200
 0.7640
 0.7600
 0.8320
 0.8080
 0.7940
 0.7730
 0.8070
 0.8290
 0.7980
 0.7590
 0.7550
 0.7970
 0.8170
 0.8120
 0.8160
 0.8300
 0.8640
 0.9220
 0.9490
 0.9480
 0.9780
 1.0110
 0.7900
 0.7550
 0.8030
 0.7870
 0.8730
 0.9310
 0.9590
 1.0440
 1.0820
 1.1240
 1.0970
 1.1220
 1.1480
 1.1720
 1.2000
 1.1460
 1.1510
 1.3880
 1.4200
 1.3440
 1.0270
 0.8700
 0.8260
 0.8230
 0.8810
 0.8530
 0.8160
 0.7400
 0.8400
 0.8620
 0.6270
 0.8220
 0.6350
 0.7220
 0.6850
 0.6400
 0.6810
 0.6150
 0.7630
 0.7150
 0.7450
 0.6650
 0.6880
 0.6830
 0.8280
 0.9500
 0.8070
 0.7270
 0.7080
 0.7540
 0.8050
 0.7630
 0.8330
 0.8390
 0.7820
 0.8300
 0.8940
 0.9220
 0.8940
 0.8920
 0.8350
 0.9010
 0.8700
 0.8250
 0.8640
 0.7190
 0.7230
 0.8000
 0.8540
 0.7590
 0.7790
 0.7570
 0.7860
 0.7220
 0.7870
 0.6250
 0.7910
 0.7080
 0.8150
 0.8750
 0.9070
 0.7400
 0.5690
 0.8470
 0.8130
 0.8070
 0.8390
 0.8140
 0.7970
 0.7170
 0.6960
 0.7290
 0.7550
 0.7680
 0.7590
 0.7820
 0.8050
 0.7930
 0.9170
 1.0440
 1.0640
 0.9610
 0.8630
 0.8200
 0.8740
 0.8410
 0.9780
 1.0330
 0.9500
 0.9590
 0.9130
 0.7870
 0.8090
 0.8470
 0.7780
 0.8290
 0.9240
 0.8880
 0.9460
 1.0360
 0.9900
 0.9040
 0.8000
 0.8110
 0.8150
 0.8190
 0.8180
 1.1020
 0.9600
 1.0000
 1.1030
 1.0950
 1.0380
 0.8400
 0.7870
 0.5420
 0.7140
 0.9610
 0.9660
 0.8420
 0.9650
 0.8840
 0.6220
 0.8260
 0.7560
 0.7810
 0.7820
 0.7550
 0.7380
 0.6810
 0.6900
 0.6540
 0.6410
 0.5720
 0.6220
 0.5610
 0.6560
 0.6850
 0.6670
 0.5660
 0.6410
 0.7220
 0.6840
 0.6910
 0.6520
 0.6820
 0.6970
 0.6770
 0.6310
 0.6660
 0.6740
 0.6760
 0.6830
 0.7070
 0.7550
 0.7570
 0.7740
 0.7890
 0.7730
 0.7690
 0.8230
 0.8630
 0.9100
 0.9240
 0.8850
 0.8900
 0.8940
 0.9310
 0.9480
 0.9320
 0.9670
 0.9810
 0.9890
 1.0200
 0.9980
 0.9960
 1.0590
 1.0270
 1.0710
 1.0890
 1.1130
 1.1240
 1.1530
 1.1710
 1.1750
 1.1000
 1.0440
 1.1040
 1.0960
 1.1510
 1.1650
 1.2740
 1.2880
 1.3840
 1.4570
 1.5060
 1.4270
 1.2930
 1.2810
 1.2910
 1.4490
 1.4790
 1.5570
 1.6660
 1.5950
 1.5840
 1.4240
 1.4470
 1.6060
 1.6960
 1.7990
 2.0050
 1.8060
 1.9390
 2.0480
 1.3040
 1.2230
 1.3270
 1.3560
 1.3860
 1.2520
 1.1010
 0.9450
 1.1680
 1.3010
 1.1360
 1.0500
 1.1570
 1.2780
 1.2230
 1.2210
 1.1650
 1.0250
 1.0150
 0.9340
 1.0600
 1.0040
 0.9840
 0.9830
 1.1610
 1.0550
 1.0540
 0.9350
 1.0470
 0.9780
 0.8940
 0.9990
 0.9870
 1.1140
 1.1560
 1.0830
 0.6940
 0.9010
 0.7020
 0.8020
 0.9590
 0.9450
 0.8150
 0.9480
 0.9380
 0.9190
 0.8950
 0.8430
 0.8130
 0.8100
 0.9390
 0.9530
 0.9260
 0.8930
 0.9110
 0.9190
 0.9480
 0.9990
 0.8900
 0.9090
 0.9720
 0.9750
 1.0220
 0.9430
 0.8650
 1.0230
 1.0570
 1.1010
 1.1630
 1.1630
 1.1080
 1.1660
 0.9830
 1.0300
 1.0330
 1.1080
 1.0850
 0.8210
 1.0340
 1.0090
 0.7320
 0.6670
 0.7460
 0.7480
 0.6750
 0.7010
 0.6940
 0.7680
 0.7460
 0.7650
 0.7390
 0.7500
 0.7610
 0.7690
 0.7500
 0.7520
 0.5760
 0.5770
 0.5830
 0.7050
 0.7500
 0.6930
 0.6870
 0.7890
 0.7920
 0.8070
 0.8030
 0.7730
 0.7430
 0.7600
 0.8580
 0.8530
 0.8350
 0.7810
 0.7110
 0.7020
 0.7540
 0.7490
 0.7720
 0.7910
 0.7780
 0.6760
 0.7580
 0.7690
 0.8450
 0.9080
 0.9060
 0.8650
 0.8350
 0.7460
 0.6570
 0.7070
 0.7600
 0.7000
 0.7410
 0.7880
 0.7700
 0.8700
 0.8680
 0.9510
 0.9700
 0.7860
 0.7920
 0.8470
 0.8670
 0.8680
 0.8810
 0.8920
 0.7280
 0.7150
 0.8270
 0.8460
 0.7940
 0.7920
 0.8560
 0.8640
 0.8470
 0.8950
 0.9330
 0.9010
 0.9230
 0.8670
 0.9540
 0.8880
 0.8350
 0.8090
 0.7950
 0.7050
 0.7220
 0.6510
 0.6920
 0.8660
 0.8820
 0.8590
 0.9510
 0.9410
 0.9110
 0.9200
 0.8940
 0.9080
 0.9410
 0.8590
 0.8830
 0.8820
 0.9100
 0.9790
 1.0090
 1.0750
 1.1430
 0.9980
 0.8800
 0.8830
 0.9120
 0.9300
 0.9540
 0.9110
 0.9190
 0.9350
 0.9240
 0.7580
 0.7850
 0.7820
 0.7850
 0.8990
 0.9460
 0.7460
 0.8070
 0.8370
 0.8770
 0.7830
 0.7870
 0.8620
 0.8190
 0.8440
 0.7830
 0.6160
 0.5140
 0.6750
 0.7840
 0.7960
 0.7490
 0.7890
 0.7780
 0.7450
 0.8210
 0.7070
 0.7940
 0.8420
 0.8800
 0.9380
 0.9740
 0.8980
 0.9570
 0.9750
 1.0350
 0.8920
 0.9480
 0.9170
 0.8240
 1.0520
 1.1040
 1.0490
 1.0370
 0.9350
 0.9520
 0.9020
 0.8390
 0.8610
 0.8300
 0.8520
 0.7310
 0.7830
 0.7290
 0.6950
 0.6860
 0.7450
 0.6700
 0.6720
 0.6890
 0.7120
 0.8170
 0.7860
 0.7430
 0.9100
 1.0440
 0.8180
 0.7680
 0.7140
 0.7780
 0.8460
 0.8140
 0.7170
 0.7000
 0.7520
 0.6420
 0.6530
 0.6920
 0.6920
 0.6860
 0.5420
 0.6480
 0.7010
 0.7070
 0.6760
 0.6670
 0.7030
 0.6160
 0.6840
 0.7020
 0.7310
 0.6910
 0.7210
 0.6460
 0.3860
 0.6590
 0.6930
 0.7370
 0.5740
 0.6310
 0.6870
 0.6670
 0.6170
 0.6380
 0.5910
 0.6820
 0.6750
 0.6680
 0.6220
 0.6210
 0.8170
 0.7590
 0.7020
 0.6130
 0.6420
 0.6630
 0.6370
 0.7310
 0.7700
 0.7750
 0.7000
 0.5880
 0.7220
 0.8080
 0.8300
 0.8400
 0.8560
 0.8530
 0.8200
 0.8060
 0.8240
 0.8830
 0.7640
 0.7320
 0.7430
 0.8330
 0.9050
 0.9510
 0.8910
 0.9220
 0.9670
 0.8080
 0.6040
 0.6750
 0.7720
 0.7570
 0.7680
 0.7500
 0.7630
 0.7620
 0.7000
 0.7430
 0.8240
 0.9300
 0.9200
 0.8040
 0.7480
 0.7620
 0.9120
 0.8560
 0.8220
 0.8730
 0.8160
 0.9140
 0.9240
 0.8980
 0.7940
 0.7460
 0.7410
 0.8020
 0.8560
 0.8700
 0.7910
 0.7160
 0.7020
 0.6720
 0.6710
 0.7800
 0.7860
 0.7630
 0.7680
 0.7740
 0.7930
 0.7960
 0.8200
 0.9380
 1.0420
 1.0300
 0.8840
 0.8710
 0.9240
 0.9590
 0.9060
 0.6560
 0.8830
 0.9380
 0.8310
 0.8940
 0.7390
 0.8020
 0.7830
 0.8510
 0.8140
 0.7250
 0.7160
 0.7750
 0.7510
 0.7700
 0.7470
 0.6410
 0.7820
 0.7820
 0.7730
 0.8030
 0.6570
 0.6020
 0.6920
 0.7380
 0.7450
 0.8290
 0.8090
 0.7940
 0.8310
 0.8410
 0.8970
 0.8380
 0.8140
 0.8440
 0.8650
 0.8870
 0.9270
 0.9490
 0.8670
 0.8220
 0.7910
 0.8200
 0.7030
 0.7690
 0.8090
 0.8040
 0.9090
 0.8630
 0.7880
 0.9110
 0.8130
 0.8130
 1.0490
 1.0480
 0.9730
 0.9680
 0.9970
 0.9160
 0.9090
 0.8090
 0.9410
 0.9310
 0.8280
 0.8620
 0.9860
 0.8980
 0.8380
 0.8850
 0.9320
 0.9240
 0.7750
 0.7840
 0.8490
 0.7670
 0.8180
 0.9250
 0.9520
 0.7730
 0.8390
 0.8150
 0.7830
 0.7880
 0.8860
 0.8730
 0.9200
 0.7750
 0.8550
 0.8740
 0.7610
 0.8440
 0.7950
 0.6870
 0.7300
 0.6360
 0.5670
 0.7710
 0.7640
 0.6550
 0.7030
 0.6500
 0.6950
 0.6230
 0.6880
 0.6640
 0.7580
 0.7930
 0.7690
 0.6930
 0.7550
 0.7480
 0.7330
 0.8230
 0.7760
 0.7210
 0.7720
 0.7700
 0.8400
 0.7630
 0.6900
 0.7100
 0.7780
 0.7900
 0.7220
 0.7580
 0.7780
 0.6470
 0.7340
 0.8440
 0.8320
 0.8240
 0.8130
 0.8890
 0.9530
 0.9730
 0.9360
 0.8130
 0.6900
 0.7760
 0.7500
 0.8010
 0.7870
 0.7840
 0.8550
 0.8500
 0.7080
 0.7570
 0.7580
 0.7420
 0.7680
 0.7500
 0.8070
 0.9380
 0.9130
 1.0340
 0.9740
 0.9730
 0.9500
 0.9350
 0.9270
 0.7950
 0.9440
 0.8130
 0.8860
 0.9540
 1.1520
 1.2420
 1.2720
 1.3680
 1.1920
 1.3200
 1.3450
 1.2200
 1.1780
 1.1690
 1.3410
 1.2320
 1.3390
 1.4810
 1.5770
 1.7290
 1.8320
 1.8850
 1.7930
 1.8310
 1.8140
 1.3960
 1.3350
 1.3010
 1.0530
 0.9150
 0.9980
 0.9290
 0.8870
 0.9300
 0.9270
 0.9370
 0.9680
 0.9540
 0.9260
 0.9350
 0.9300
 0.9310
 0.8990
 0.8870
 0.8650
 0.8850
 0.9270
 0.9830
 0.9510
 0.9250
 0.9110
 0.9250
 0.9430
 0.9490
 0.9780
 1.0140
 1.0180
 0.9730
 1.0220
 1.0680
 1.0880
 1.1010
 1.1070
 1.2210
 1.3650
 1.2830
 1.3490
 1.1610
 1.0870
 1.2210
 1.2820
 1.3450
 1.4630
 1.2860
 1.1500
 0.9000
 1.1870
 1.2910
 1.2740
 1.0400
 1.0880
 1.1930
 1.0540
 1.0490
 0.9600
 1.0480
 1.0900
 1.0320
 0.9990
 0.9660
 0.9100
 0.9550
 0.9690
 0.9740
 0.9540
 0.8670
 1.0040
 1.0050
 0.8750
 0.8830
 0.9640
 0.9390
 0.9360
 1.0050
 0.8920
 0.9730
 0.9130
 0.7540
 0.9140
 0.9930
 1.0900
 1.1280
 1.1940
 1.0050
 0.8890
 0.7570
 0.6940
 0.8870
 0.9020
 0.8620
 0.8880
 0.8790
 0.7960
 0.8300
 0.7990
 0.7110
 0.7380
 0.7540
 0.7440
 0.7290
 0.7300
 0.7320
 0.7670
 0.7150
 0.6480
 0.7210
 0.7220
 0.6320
 0.8160
 0.8310
 0.8400
 0.7830
 0.8480
 0.8160
 0.7710
 0.7530
 0.7360
 0.8170
 0.6000
 0.7370
 0.8000
 0.6990
 0.7090
 0.8010
 0.9210
 0.8470
 0.8470
 0.8820
 0.9250
 1.0340
 1.0090
 0.9700
 0.9700
 0.9630
 0.8910
 0.8610
 0.8520
 0.8010
 0.7990
 0.7940
 0.8720
 0.9320
 0.9490
 1.0150
 1.0550
 1.0140
 1.0320
 1.0580
 1.1240
 1.1540
 1.1430
 1.1180
 0.9930
 0.7810
 0.7420
 0.8300
 1.0310
 1.0060
 0.7770
 0.7270
 0.8240
 0.9950
 0.9400
 0.9440
 0.7930
 0.9490
 0.8300
 0.9120
 0.9770
 0.9180
 0.9060
 0.8990
 0.8940
 0.7430
 0.9250
 0.9270
 0.8420
 0.8210
 0.5480
 0.7160
 0.8200
 0.7720
 0.7450
 0.9130
 0.9300
 0.9910
 1.0030
 1.0300
 0.9380
 0.8670
 0.8390
 0.8160
 0.8400
 0.8610
 0.8530
 0.7970
 0.7880
 0.7760
 0.8110
 0.8770
 0.8640
 0.8200
 0.8240
 0.8420
 0.8640
 0.8250
 0.8690
 0.8720
 0.8450
 0.9340
 0.9730
 0.9240
 0.9170
 0.7820
 0.8640
 0.9560
 0.8140
 0.8140
 0.8420
 0.9120
 0.9130
 0.8290
 0.7700
 0.7500
 0.7950
 0.7990
 0.7980
 0.7860
 0.7850
 0.8070
 0.8030
 0.8390
 0.8120
 0.8190
 0.8280
 0.8630
 0.8040
 0.8300
 0.8010
 0.8830
 0.8880
 0.9820
 0.9310
 0.8960
 0.7520
 1.0020
 1.0090
 0.9680
 1.0760
 0.8310
 0.8460
 0.9040
 0.9540
 0.8800
 0.9840
 0.8830
 0.9450
 0.6630
 0.8500
 0.8460
 0.7940
 0.8180
 0.9370
 0.9570
 0.8630
 0.7040
 0.7000
 0.9350
 0.9270
 0.6870
 0.7690
 0.8420
 0.6600
 0.6640
 0.7310
 0.7940
 0.7830
 0.7940
 0.7880
 0.6930
 0.7020
 0.7490
 0.7310
 0.7530
 0.7920
 0.7580
 0.7020
 0.7080
 0.6840
 0.8430
 0.8050
 0.8890
 0.9230
 0.9190
 0.8590
 0.8110
 0.8700
 0.7720
 0.8470
 0.8570
 0.8430
 0.8390
 0.8480
 0.9260
 0.8740
 0.8730
 0.9090
 0.8500
 0.8830
 0.8990
 0.8040
 0.7430
 0.7470
 0.6730
 0.6800
 0.7480
 0.6970
 0.8280
 0.8620
 0.8750
 0.9120
 0.9210
 0.9030
 0.9290
 0.8360
 0.9250
 0.8360
 0.8510
 0.8810
 0.8330
 0.8140
 0.9110
 0.7850
 0.7120
 0.8210
 0.9820
 0.8810
 0.9840
 0.9890
 0.9340
 0.9880
 0.9910
 0.9800
 0.9460
 0.7470
 0.8900
 1.0310
 1.1270
 1.0960
 1.0260
 0.9880
 0.8660
 1.0930
 0.8550
 0.9440
 0.9950
 0.9030
 0.9310
 0.8250
 0.8850
 0.8870
 0.8440
 0.8050
 0.7600
 0.7900
 0.8860
 0.8400
 0.8290
 0.7890
 0.8240
 0.7800
 0.7630
 0.7330
 0.7320
 0.7730
 0.6740
 0.7510
 0.7680
 0.8470
 0.8440
 0.8690
 1.0310
 1.1040
 1.0660
 0.9420
 0.9210
 0.9090
 0.8710
 0.8890
 0.8050
 0.9270
 0.8620
 0.8950
 0.9670
 0.8680
 0.8940
 0.9350
 1.2570
 1.3410
 1.3040
 1.2360
 1.3370
 1.3320
 1.3690
 1.4110
 1.2980
 1.2710
 1.0370
 0.9570
 0.9780
 0.8000
 0.7980
 0.9110
 0.8730
 0.8540
 0.7810
 0.7690
 0.7570
 0.8420
 0.8360
 0.8140
 0.7980
 0.8010
 0.8280
 0.8350
 0.9050
 0.8880
 0.9030
 0.9330
 0.9510
 0.9550
 0.9530
 0.9680
 0.9690
 0.9740
 0.9880
 1.0040
 1.0020
 1.0050
 1.0060
 1.0220
 1.0730
 1.0670
 1.0980
 1.0900
 1.0650
 1.1030
 1.0770
 1.0480
 1.0530
 1.1410
 1.1960
 1.2460
 1.2700
 1.2710
 1.2960
 1.3440
 1.3790
 1.4140
 1.3430
 1.5470
 1.5810
 1.5220
 1.3600
 1.1590
 1.2430
 1.3820
 1.2950
 1.2540
 1.3020
 1.2200
 0.8870
 0.9020
 0.9250
 0.8000
 0.8680
 0.9110
 0.8920
 0.8510
 0.9440
 0.9310
 0.9000
 0.8880
 0.8470
 0.7520
 0.8070
 0.7730
 0.7700
 0.6920
 0.8980
 0.8690
 0.9100
 0.8690
 0.8030
 0.8670
 0.8440
 1.0000
 1.0260
 0.9310
 0.9010
 1.0290
 0.9350
 0.7310
 0.8160
 0.9420
 0.8690
 0.8380
 0.8430
 0.9350
 0.8900
 0.8000
 0.7830
 0.6230
 0.7530
 0.6900
 0.6500
 0.7660
 0.8470
 0.9150
 0.9270
 0.8300
 0.8020
 0.7910
 0.7900
 0.8090
 0.7760
 0.8080
 0.8460
 0.9160
 0.9160
 0.9300
 0.8970
 0.8790
 0.7700
 0.8410
 0.9150
 0.8410
 0.8870
 0.8860
 0.8220
 0.7810
 0.7910
 0.9580
 0.9960
 0.9760
 0.7990
 0.8730
 0.9490
 1.0070
 0.9680
 1.0020
 0.9980
 1.1130
 1.1320
 0.9870
 0.8690
 0.9490
 0.9200
 0.9950
 0.9850
 1.0090
 1.0990
 1.0700
 0.9960
 0.8770
 0.8530
 0.9440
 0.9560
 1.0780
 1.1020
 1.0280
 0.9260
 1.0170
 0.7980
 0.8320
 0.8320
 0.8760
 0.9640
 0.9290
 0.9080
 0.9660
 0.7000
 0.8400
 0.9200
 0.8720
 0.8550
 0.8580
 0.8560
 0.8150
 0.7180
 0.7580
 0.8190
 0.7190
 0.7820
 0.7600
 0.7510
 0.7620
 0.8150
 0.8400
 0.9390
 0.9120
 0.8790
 0.8960
 0.8340
 0.7330
 0.9490
 0.9860
 0.9540
 0.7410
 0.8300
 0.8810
 0.9020
 0.8800
 0.8270
 0.8520
 0.8070
 0.8000
 0.7290
 0.6880
 0.7650
 0.7980
 0.7800
 0.8300
 0.8910
 0.8090
 0.7230
 0.7380
 0.8120
 0.8020
 0.8320
 0.7370
 0.8590
 0.7990
 0.7850
 0.7850
 0.7250
 0.8120
 0.7770
 0.8930
 0.9320
 0.7770
 0.8200
 0.8670
 0.8520
 0.8000
 0.7960
 0.9180
 0.9150
 0.8850
 0.8640
 0.8400
 0.8770
 0.9370
 0.9290
 0.8620
 0.8720
 0.9500
 0.7050
 0.9530
 1.1140
 1.2800
 1.1230
 0.8230
 0.8130
 0.8640
 0.8740
 0.8060
 0.8320
 0.8800
 0.9650
 0.9270
 0.9880
 0.9430
 1.0030
 1.0700
 0.8770
 1.0140
 0.9800
 1.0410
 1.0940
 1.0630
 1.0600
 1.0370
 1.0530
 1.0040
 0.9730
 0.9740
 1.0620
 1.0960
 1.0970
 1.2030
 1.2090
 1.0940
 1.2290
 1.1820
 1.2960
 1.0470
 0.8950
 0.8490
 1.0070
 1.0480
 1.0060
 1.0040
 0.9440
 0.8940
 0.7880
 0.7660
 0.8220
 0.8080
 0.8420
 0.8200
 0.7740
 0.7470
 0.7210
 0.8510
 0.9270
 0.9660
 0.9120
 0.8780
 0.8300
 0.8200
 0.8580
 0.8630
 0.9240
 0.9370
 0.8880
 0.8990
 0.9630
 0.9870
 0.9740
 0.9810
 0.9890
 1.0260
 1.0230
 0.9630
 0.9630
 0.8990
 0.9000
 0.7680
 0.8890
 0.8770
 0.9130
 0.9550
 1.0710
 1.0640
 0.8500
 0.8640
 0.9600
 0.8300
 0.8540
 0.9090
 0.9340
 0.8170
 0.7690
 0.7690
 0.6450
 0.7570
 0.7640
 0.7560
 0.9610
 0.9810
 0.8740
 0.8900
 0.7020
 0.7580
 0.9910
 1.0200
 0.9970
 0.9850
 1.0230
 0.9820
 0.9410
 0.8560
 0.8620
 0.8980
 0.8390
 0.8890
 0.7540
 0.7180
 0.7150
 0.8010
 0.8490
 0.7330
 0.7310
 0.7460
 0.7110
 0.7640
 0.7720
 0.8580
 0.8220
 0.7650
 0.7760
 0.8100
 0.9420
 0.9640
 0.9510
 0.9550
 0.9480
 0.9550
 0.9970
 1.0030
 0.8970
 0.9230
 0.9060
 0.7960
 0.9270
 0.9350
 0.8410
 0.8880
 0.9060
 0.8940
 1.0270
 0.9740
 0.9430
 0.9420
 0.9640
 0.9230
 0.8860
 0.8680
 0.9220
 0.9000
 0.8200
 0.8250
 0.8660
 0.7810
 0.6820
 0.6120
 0.6970
 0.6750
 0.7520
 0.8030
 0.8270
 0.8250
 0.8460
 0.8630
 0.8560
 0.7870
 0.7550
 0.7930
 0.7950
 0.6640
 0.8080
 0.8180
 0.7960
 0.7390
 0.6930
 0.7430
 0.7790
 0.8030
 0.8720
 0.8030
 0.7910
 0.8740
 0.5840
 0.6100
 0.6650
 0.7400
 0.8890
 0.9910
 0.9670
 1.0150
 1.0270
 0.9960
 0.9290
 0.9050
 0.8690
 0.9010
 0.8730
 0.9510
 0.9670
 0.9750
 0.9830
 1.0040
 0.7730
 0.8300
 0.8760
 0.8580
 1.0150
 0.9440
 0.9710
 0.8800
 0.8870
 1.1650
 1.0180
 0.8950
 0.7370
 0.7650
 0.8200
 0.7440
 0.7610
 0.7350
 0.7740
 0.7970
 0.8510
 0.8950
 0.7930
 0.8520
 0.8390
 0.8930
 0.8230
 0.7880
 0.8550
 0.8320
 0.7590
 0.7680
 0.8220
 0.8450
 0.7810
 0.8920
 0.9190
 0.9510
 0.9050
 0.8140
 0.9260
 0.9060
 0.8330
 0.8140
 0.8530
 0.8220
 0.8170
 0.8060
 0.8290
 0.8490
 0.8500
 0.8610
 0.9020
 0.8780
 0.8660
 0.8630
 0.9080
 0.9150
 0.9590
 0.9790
 0.9220
 0.7170
 0.9130
 0.9460
 0.8630
 0.7340
 0.8500
 0.9200
 0.9480
 1.0090
 0.9940
 0.9640
 0.9210
 0.8510
 0.8720
 0.7870
 0.7740
 0.8750
 0.8170
 0.6950
 0.7090
 0.7700
 0.8000
 0.8030
 0.8350
 0.7210
 0.6930
 0.7460
 0.7570
 0.8300
 0.8120
 0.9350
 0.8210
 0.7860
 0.8400
 0.8080
 0.9110
 0.9360
 0.9860
 0.7850
 0.8500
 1.0280
 1.1930
 1.1320
 1.0970
 0.9040
 0.9740
 1.1110
 1.1160
 1.1530
 1.0150
 1.1420
 1.2600
 1.1490
 1.2400
 1.1830
 1.1730
 1.1140
 0.9690
 0.8770
 0.9270
 0.8790
 0.8610
 0.8470
 0.8570
 0.8670
 0.9130
 1.0100
 1.1160
 1.0830
 0.8780
 0.9180
 0.8560
 0.7170
 0.6550
 0.5780
 0.6700
 0.8210
 0.7790
 0.9170
 0.9330
 0.9810
 1.0450
 1.0040
 1.0090
 1.0380
 0.8310
 0.9060
 1.0270
 1.0630
 0.9990
 0.8700
 0.7820
 0.9090
 0.8480
 0.9360
 0.9980
 1.0150
 0.8850
 0.8310
 0.8440
 0.8080
 0.7880
 0.7830
 0.8900
 0.9060
 0.8710
 0.8630
 0.7790
 0.7150
 0.8720
 0.8870
 0.8520
 0.8200
 0.8240
 0.7900
 0.8340
 0.8450
 0.8830
 0.9500
 0.9320
 0.8810
 0.9230
 0.8560
 0.7550
 0.7110
 0.7450
 0.7910
 0.7590
 0.7910
 0.7800
 0.7790
 0.7810
 0.7090
 0.7790
 0.7460
 0.8320
 0.8730
 0.8960
 0.9500
 0.9510
 0.8990
 1.0040
 1.0300
 0.9920
 0.9850
 0.9880
 0.8710
 0.7970
 1.0470
 1.1400
 0.9890
 1.0890
 1.1660
 1.0610
 0.9940
 1.0520
 0.9340
 0.8350
 0.8050
 0.8780
 0.7490
 0.8030
 0.7390
 0.8670
 0.9150
 0.8710
 0.9440
 0.8430
 0.8400
 0.9050
 0.8980
 0.9610
 1.0350
 1.0060
 0.8680
 0.8620
 0.9050
 0.8730
 0.8070
 0.9230
 1.0980
 1.0530
 1.0880
 0.8490
 1.0430
 1.0130
 0.9410
 0.9850
 0.8850
 0.8980
 0.9530
 0.8930
 0.8650
 0.8960
 0.7380
 0.9060
 0.9870
 0.9710
 0.9860
 0.9220
 0.9070
 0.8420
 0.8850
 0.9560
 0.9040
 1.0430
 0.9210
 0.9320
 0.9530
 1.0110
 0.9780
 0.8580
 0.9200
 0.8570
 0.8620
 0.8790
 0.6430
 0.5810
 0.7510
 0.7940
 0.7970
 0.7390
 0.7260
 0.8680
 0.8510
 0.8360
 0.7530
 0.8080
 0.9070
 0.9740
 0.9090
 0.9190
 0.8510
 0.9440
 0.8980
 0.9220
 0.8830
 0.9620
 0.9580
 0.9500
 1.0120
 0.9620
 0.9060
 0.8710
 0.8490
 0.8550
 0.8430
 0.7100
 0.8540
 0.7860
 0.7340
 0.8170
 0.8090
 0.8800
 0.9730
 0.9100
 0.8080
 0.7570
 0.9610
 0.9840
 0.9270
 0.8870
 0.9170
 1.0100
 0.9980
 1.0340
 0.9670
 1.0200
 1.0350
 0.6770
 0.8130
 0.9920
 0.9570
 0.9650
 0.9450
 0.8760
 0.8310
 0.7930
 0.9040
 0.9040
 0.9000
 0.8740
 0.7980
