-5.28301
-5.32778
-5.34498
-5.34548
-5.3306
-5.38792
-5.40471
-5.39774
-5.43818
-5.52103
-5.51393
-5.52417
-5.57171
-5.59938
-5.63121
-5.68845
-5.70919
-5.73507
-5.74369
-5.78434
-5.7862
-5.79602
-5.80276
-5.80529
-5.77959
-5.73815
-5.71439
-5.7007
-5.64902
-5.60386
-5.61687
-5.58458
-5.54322
-5.50271
-5.45708
-5.42404
-5.35364
-5.29552
-5.1816
-5.14766
-5.10532
-5.07348
-5.0267
-4.98578
-4.89735
-4.82966
-4.80092
-4.74762
-4.73389
-4.69086
-4.6642
-4.61448
-4.57028
-4.49669
-4.46087
-4.43343
-4.38279
-4.28942
-4.19987
-4.18224
-4.12908
-4.06024
-3.98868
-3.92013
-3.78442
-3.71489
-3.65047
-3.57102
-3.48324
-3.43763
-3.36673
-3.30446
-3.258
-3.17522
-3.08703
-3.03993
-3.0126
-3.00245
-2.93856
-2.8736
-2.86932
-2.82445
-2.7904
-2.72866
-2.698
-2.664
-2.62226
-2.54945
-2.50967
-2.49407
-2.50452
-2.45418
-2.42055
-2.40055
-2.3482
-2.3378
-2.3227
-2.28737
-2.33011
-2.32251
-2.29812
-2.26935
-2.26044
-2.25948
-2.23006
-2.18873
-2.15254
-2.11956
-2.09948
-2.02669
-2.04046
-2.0022
-1.93688
-1.87998
-1.80676
-1.71736
-1.70358
-1.68668
-1.64448
-1.57966
-1.56362
-1.50436
-1.45206
-1.42451
-1.43397
-1.43927
-1.43842
-1.40297
-1.38908
-1.36764
-1.31245
-1.32146
-1.29945
-1.26305
-1.20855
-1.18247
-1.14274
-1.09597
-1.06091
-1.03138
-0.970069
-0.89739
-0.787463
-0.734955
-0.690711
-0.651979
-0.599782
-0.53818
-0.475491
-0.444319
-0.383542
-0.331052
-0.290954
-0.230504
-0.234361
-0.201071
-0.135644
-0.14477
-0.14138
-0.0860476
-0.0571271
-0.11101
-0.127118
-0.105522
-0.0969878
-0.104298
-0.102233
-0.0883158
-0.101292
-0.124191
-0.143373
-0.18687
-0.20588
-0.196807
-0.21352
-0.184181
-0.16501
-0.166317
-0.197489
-0.254759
-0.274424
-0.239011
-0.215915
-0.229099
-0.300149
-0.351365
-0.353909
-0.327762
-0.330514
-0.340702
-0.302842
-0.312381
-0.304712
-0.306577
-0.31512
-0.296487
-0.297805
-0.289708
-0.233042
-0.237056
-0.246303
-0.241795
-0.233072
-0.206388
-0.212525
-0.163175
-0.11831
-0.10674
-0.0800951
-0.0638643
-0.0291644
-0.0266881
-0.0107525
-0.0117365
0.0101974
-0.00494001
0.0123297
0.0143688
-0.00053905
-0.00466825
-0.0130183
-0.0187173
-0.0203405
-0.0216384
0.00622505
0.00961581
0.0446574
0.0489698
0.0492416
0.0669549
0.0981065
0.131985
0.129507
0.130271
0.134741
0.134952
0.149399
0.0975545
0.0651036
0.0767398
0.0645267
0.0396908
-0.0188939
-0.0236613
-0.0155014
-0.0161956
-0.0101517
-0.0614653
-0.0594306
-0.0370042
-0.0275908
-0.0506805
-0.059409
-0.0735712
-0.018027
-0.0279996
-0.00120392
0.0355773
0.055571
0.0387099
0.0328836
0.0805453
0.0799241
0.0788406
0.0801929
0.0842339
0.102421
0.0969829
0.101924
0.114921
0.101946
0.14627
0.152235
0.190201
0.217462
0.188278
0.184909
0.204951
0.252578
0.318841
0.389185
0.368424
0.385066
0.415442
0.489417
0.556834
0.603929
0.588155
0.638753
0.65785
0.692737
0.748263
0.777959
0.836845
0.847032
0.868566
0.906555
0.922386
0.958573
1.01685
1.0535
1.0697
1.09001
1.11556
1.10986
1.12062
1.12852
1.12177
1.12787
1.11938
1.13618
1.11937
1.1024
1.0685
1.07229
1.06951
1.11374
1.14155
1.16564
1.17206
1.2018
1.18794
1.20768
1.21737
1.22075
1.24697
1.23435
1.21428
1.23131
1.21658
1.19715
1.18087
1.20375
1.18483
1.16566
1.15033
1.13681
1.14345
1.15377
1.16386
1.12744
1.11349
1.11078
1.08013
1.01533
0.974434
0.954795
0.936409
0.888453
0.839493
0.788965
0.728484
0.71107
0.68716
0.63231
0.580972
0.490106
0.442793
0.414009
0.375848
0.296255
0.295858
0.354706
0.381211
0.359956
0.305352
0.281714
0.250334
0.230782
0.191811
0.142892
0.13643
0.150172
0.0785445
0.0865815
0.115342
0.105426
0.111027
0.134588
0.124478
0.105802
0.0961495
0.0648854
0.0799916
0.0274743
0.0119689
-0.013746
-0.00978494
-0.0681721
-0.107695
-0.173382
-0.185338
-0.194918
-0.298197
-0.357582
-0.424345
-0.447953
-0.466864
-0.496565
-0.498661
-0.561407
-0.597912
-0.613154
-0.67159
-0.678667
-0.684743
-0.75422
-0.817822
-0.821833
-0.834856
-0.869244
-0.894465
-0.931839
-0.969026
-1.09904
-1.17901
-1.20641
-1.1695
-1.18917
-1.28211
-1.32267
-1.28857
-1.13367
-1.12302
-1.15337
-1.24753
-1.26772
-1.15082
-1.11126
-1.09378
-1.0859
-1.07818
-0.99378
-0.949636
-1.03684
-1.03115
-0.995434
-1.02863
-1.06439
-1.04882
-1.02424
-1.03199
-1.09394
-1.07396
-1.08409
-1.06337
-1.07232
-1.06659
-1.01696
-0.94143
-0.969026
-0.947201
-0.917339
-0.997805
-1.05879
-0.97604
-0.945439
-0.888027
-0.921993
-0.977518
-0.988503
-0.912638
-0.940423
-0.91924
-0.886977
-0.9412
-1.01557
-0.948199
-0.89891
-0.871607
-0.906077
-0.891532
-0.773427
-0.678942
-0.765136
-0.890015
-0.80433
-0.690865
-0.728441
-0.794598
-0.80472
-0.677262
-0.697209
-0.79293
-0.777402
-0.744851
-0.687746
-0.650786
-0.634384
-0.629537
-0.598146
-0.628592
-0.642307
-0.603777
-0.585294
-0.563407
-0.604564
-0.620564
-0.625381
-0.665348
-0.631516
-0.594148
-0.57496
-0.530803
-0.471755
-0.455807
-0.381163
-0.253739
-0.252347
-0.212253
-0.157372
-0.0827211
0.0112129
0.0952093
0.2199
0.349827
0.386886
0.4213
0.494992
0.684646
0.766515
0.811663
0.694386
0.765439
0.826641
0.9531
1.02642
0.921167
0.873521
0.884068
0.892295
0.898785
0.842921
0.831252
0.905677
0.898513
0.844801
0.886556
0.877053
0.87172
0.864501
0.891689
0.925977
0.94194
0.961847
0.967088
0.986446
1.01064
1.01374
1.00094
1.06968
1.13944
1.16984
1.28761
1.37603
1.3578
1.46469
1.44525
1.55802
1.71215
1.79271
1.69116
1.72228
1.73498
1.77081
1.91034
2.01216
2.02748
2.07488
2.19712
2.38629
2.39262
2.32769
2.25323
2.32117
2.47432
2.44753
2.35429
2.40853
2.47715
2.52025
2.43741
2.47127
2.57442
2.62157
2.62627
2.57929
2.54761
2.5435
2.55923
2.56105
2.56053
2.60909
2.72114
2.77137
2.73996
2.7166
2.76062
2.84668
2.85711
2.82316
2.84151
2.84856
2.8694
2.84093
2.83515
2.82634
2.78265
2.83029
2.82624
2.79571
2.79457
2.79605
2.8307
2.8696
2.88005
2.90925
2.88286
2.85534
2.83725
2.86061
2.81262
2.8224
2.79857
2.77171
2.76887
2.75171
2.77864
2.81229
2.81677
2.80758
2.82059
2.79409
2.78015
2.7939
2.82121
2.84471
2.87113
2.91469
2.89179
2.92604
2.9536
2.99216
2.99806
3.06987
3.08341
3.09345
3.1104
3.09433
3.08723
3.0866
3.05262
3.03058
3.03089
3.02431
3.0509
2.97604
3.00592
2.93474
2.88488
2.89623
2.92629
2.90159
2.84441
2.77821
2.7652
2.78915
2.75273
2.67819
2.59213
2.51602
2.50841
2.46744
2.44913
2.44665
2.38457
2.34922
2.31386
2.24763
2.25769
2.20337
2.16531
2.14769
2.12264
2.09974
2.07845
2.07002
2.0551
2.08061
2.09156
2.12252
2.14771
2.08653
1.96824
1.95698
2.03192
2.07894
2.0394
1.95447
2.02196
2.08296
2.06341
2.02639
2.0034
1.99954
1.99017
1.93258
1.90307
1.84307
1.80043
1.76651
1.72151
1.66997
1.56329
1.44988
1.39108
1.32831
1.23506
1.20454
1.14005
1.05088
1.00718
0.945657
0.832973
0.814255
0.776469
0.757849
0.692897
0.576145
0.514914
0.455389
0.359893
0.340231
0.303798
0.243865
0.151676
0.0936462
0.0605566
0.0379343
0.0187129
-0.0504345
-0.145531
-0.207662
-0.262767
-0.292973
-0.37648
-0.481388
-0.494096
-0.534313
-0.647798
-0.728096
-0.733928
-0.760044
-0.803784
-0.84537
-0.923266
-0.967912
-1.00162
-1.00597
-1.02052
-1.04084
-1.05945
-1.09266
-1.10288
-1.08088
-1.08058
-1.0312
-1.01699
-1.04298
-1.04613
-1.01363
-1.02102
-1.02611
-0.949188
-0.899399
-0.875519
-0.898398
-0.876225
-0.832804
-0.783237
-0.721013
-0.698884
-0.716541
-0.681112
-0.567442
-0.506059
-0.549424
-0.52905
-0.482988
-0.422647
-0.395176
-0.390298
-0.380042
-0.366223
-0.368753
-0.401599
-0.395871
-0.400941
-0.410046
-0.463869
-0.49461
-0.500253
-0.477381
-0.481091
-0.498709
-0.512561
-0.470898
-0.463649
-0.473568
-0.449302
-0.425689
-0.458727
-0.496556
-0.472916
-0.418855
-0.399845
-0.43366
-0.463358
-0.433643
-0.448919
-0.44721
-0.500531
-0.603098
-0.611361
-0.631274
-0.674788
-0.76672
-0.749903
-0.69792
-0.707395
-0.67769
-0.635569
-0.643684
-0.64755
-0.622817
-0.546975
-0.497188
-0.509563
-0.549447
-0.557853
-0.56289
-0.510906
-0.493843
-0.486495
-0.512083
-0.493095
-0.413381
-0.444144
-0.429121
-0.343565
-0.322658
-0.340191
-0.346859
-0.340298
-0.29681
-0.284332
-0.253665
-0.241418
-0.224992
-0.206798
-0.18231
-0.169334
-0.121124
-0.0675192
-0.0464864
0.00525173
-0.0157403
0.0269718
0.0850774
0.13918
0.136875
0.222241
0.297117
0.331016
0.363298
0.405579
0.491456
0.543258
0.575624
0.57292
0.596146
0.638693
0.722275
0.734736
0.660145
0.671972
0.767115
0.823873
0.820684
0.826086
0.797473
0.858008
0.935366
0.988225
1.04313
1.12664
1.20863
1.30121
1.38703
1.39244
1.4483
1.5063
1.58175
1.60633
1.63925
1.65056
1.66483
1.69916
1.73628
1.76506
1.78515
1.83318
1.85138
1.89023
1.91261
1.89521
1.88513
1.94815
1.88766
1.87611
1.89121
1.91605
1.98618
1.99677
1.96372
1.97774
1.99536
1.9884
1.96082
1.92426
1.86875
1.87462
1.84748
1.84155
1.83799
1.8017
1.76029
1.78664
1.81202
1.80884
1.84803
1.8505
1.87885
1.91842
1.92805
1.95288
1.95152
1.95691
1.95423
1.94629
1.95453
1.90816
1.86349
1.84415
1.85378
1.88533
1.89331
1.88302
1.84784
1.85296
1.80989
1.78681
1.73459
1.67042
1.62898
1.58202
1.56359
1.51704
1.49448
1.45013
1.41464
1.29663
1.20194
1.18018
1.17253
1.07833
1.07442
1.12653
1.08317
1.05538
1.14361
1.14993
1.10337
1.1392
1.16093
1.1298
1.1244
1.13381
1.11885
1.07206
1.05312
1.03752
0.981219
0.903173
0.875272
0.855672
0.806959
0.720581
0.622984
0.582262
0.558599
0.517381
0.466494
0.448728
0.445161
0.478429
0.513485
0.549159
0.601675
0.628144
0.674889
0.700991
0.7661
0.794374
0.791672
0.831288
0.924863
0.976656
1.03897
1.10127
1.18996
1.32308
1.38386
1.48846
1.57622
1.63759
1.749
1.82716
1.93152
2.04632
2.12289
2.14812
2.2265
2.30522
2.38832
2.43666
2.49574
2.52325
2.55964
2.61584
2.68235
2.74938
2.75852
2.75737
2.79904
2.84778
2.88238
2.90785
2.94375
2.98416
3.01515
3.08353
3.17798
3.18902
3.19646
3.19598
3.25756
3.26656
3.26408
3.25186
3.28891
3.33295
3.37207
3.41947
3.5043
3.55713
3.55342
3.59072
3.63434
3.66117
3.72924
3.8435
3.88803
3.89737
3.90479
3.95245
3.91697
3.88557
3.97572
4.02634
3.91595
3.91795
3.99787
3.99376
3.99853
4.06126
4.06917
4.07787
4.11857
4.16171
4.23154
4.28857
4.34477
4.4811
4.55112
4.6114
4.69368
4.8122
4.91236
5.02209
5.05165
5.05261
5.09539
5.17461
5.20572
5.19721
5.22009
5.18589
5.20685
5.21879
5.17589
5.25047
5.27097
5.24714
5.25541
5.30037
5.33327
5.28253
5.31121
5.3602
5.28102
5.17318
5.13839
5.17105
5.18575
5.12246
5.02681
4.98109
4.98365
4.97935
4.98241
5.00067
4.98589
4.948
4.8855
4.86652
4.84106
4.84704
4.826
4.77635
4.71179
4.64488
4.62957
4.60847
4.60715
4.55935
4.48917
4.48221
4.45862
4.42211
4.39843
4.41663
4.36465
4.36534
4.33165
4.29787
4.22095
4.19861
4.25282
4.25097
4.23249
4.14429
4.18586
4.1826
4.16212
4.12291
4.10666
4.05889
4.00091
3.97957
3.89588
3.83158
3.8432
3.79904
3.71048
3.70557
3.67445
3.60718
3.52324
3.43622
3.37741
3.34028
3.27943
3.21647
3.18925
3.10667
3.06012
3.00783
2.94225
2.8913
2.84146
2.75012
2.67368
2.6068
2.55286
2.48064
2.39913
2.31941
2.27201
2.21124
2.14905
2.15326
2.09078
2.01078
1.93945
1.90732
1.85952
1.86831
1.78278
1.75171
1.7294
1.62943
1.58719
1.60862
1.60146
1.56197
1.51927
1.56965
1.54381
1.47109
1.50011
1.52954
1.57434
1.53889
1.54283
1.59692
1.63578
1.64812
1.61926
1.63349
1.64503
1.66714
1.6302
1.59784
1.61183
1.64259
1.70748
1.6885
1.7128
1.73027
1.73925
1.75728
1.76466
1.76222
1.76351
1.79548
1.81686
1.85129
1.87228
1.86643
1.90507
1.90774
1.92278
1.97912
1.98254
2.00547
2.04391
2.11549
2.1104
2.08478
2.11238
2.17503
2.07656
2.06334
2.00756
1.98395
1.9859
2.00085
2.01643
1.97784
1.99535
2.01767
1.99503
1.96795
2.02452
2.02272
2.02066
2.04068
2.02393
2.04117
2.07375
2.05238
2.0284
2.06004
2.06594
2.05654
2.04221
2.06106
2.0583
2.01155
1.98523
1.99128
1.9981
1.99625
1.98804
1.96484
1.91407
1.89884
1.88209
1.87048
1.87077
1.87422
1.86347
1.85768
1.91999
1.93542
1.93402
1.88296
1.85907
1.78764
1.77894
1.90349
1.93448
1.89449
1.89478
1.90887
1.82684
1.72376
1.68058
1.6738
1.534
1.45583
1.43137
1.41892
1.43151
1.49064
1.50277
1.45445
1.39084
1.33052
1.3321
1.33827
1.3943
1.46172
1.50545
1.48745
1.32002
1.25611
1.32697
1.51326
1.4698
1.54354
1.45388
1.53007
1.54545
1.54049
1.55616
1.51182
1.45249
1.51854
1.49642
1.42341
1.38083
1.35728
1.37947
1.32064
1.32209
1.29636
1.29089
1.29976
1.25788
1.317
1.39475
1.3832
1.32216
1.29144
1.2503
1.2568
1.29655
1.26882
1.27507
1.26865
1.22682
1.2593
1.24016
1.20134
1.27998
1.29377
1.32088
1.30821
1.2152
1.20026
1.20499
1.15869
1.21902
1.32832
1.32899
1.30693
1.35567
1.43969
1.42661
1.40527
1.40298
1.38575
1.33374
1.34007
1.392
1.42087
1.421
1.46187
1.49159
1.43938
1.44002
1.47649
1.46995
1.46671
1.45904
1.52341
1.57542
1.59893
1.57441
1.47034
1.41951
1.45231
1.41222
1.32353
1.34114
1.40064
1.39385
1.36113
1.42814
1.47649
1.45321
1.39211
1.32656
1.20993
1.13601
1.11056
1.09425
1.09041
1.05435
0.974137
0.892034
0.840129
0.769518
0.765863
0.863405
0.833762
0.689058
0.498523
0.534011
0.426064
0.492798
0.39219
0.313292
0.278953
0.236887
0.234178
0.250965
0.163372
0.153658
0.172062
0.188507
0.140947
0.118344
0.150743
0.120375
0.0959471
0.0888258
0.094606
0.0812382
0.000612438
-0.0432372
-0.0683874
-0.019978
-0.00382811
0.0122145
-0.0536025
-0.114457
-0.0694573
-0.0853896
-0.126772
-0.115407
-0.180739
-0.22624
-0.186992
-0.274472
-0.31106
-0.321028
-0.313984
-0.300388
-0.340153
-0.355658
-0.35117
-0.396052
-0.524417
-0.575686
-0.609437
-0.624512
-0.675555
-0.692794
-0.710419
-0.663333
-0.665204
-0.678651
-0.722755
-0.718001
-0.710957
-0.693248
-0.734268
-0.738162
-0.701986
-0.710948
-0.764455
-0.790404
-0.777492
-0.766364
-0.807735
-0.833648
-0.802071
-0.736926
-0.763243
-0.743376
-0.747095
-0.718592
-0.691445
-0.593612
-0.572115
-0.579119
-0.548844
-0.485118
-0.470963
-0.449972
-0.378931
-0.389534
-0.363722
-0.292888
-0.246128
-0.181895
-0.143071
-0.126761
-0.0584304
-0.000782311
0.0152573
0.0749499
0.0808209
0.0902057
0.203843
0.243329
0.28569
0.310071
0.382076
0.46715
0.494853
0.565484
0.596371
0.679666
0.726698
0.790624
0.858052
0.889826
0.948089
0.983179
1.04417
1.02204
1.05965
1.06889
1.10809
1.1503
1.19998
1.24915
1.26809
1.2541
1.30495
1.3569
1.4157
1.45643
1.52064
1.54074
1.53809
1.56082
1.5771
1.6175
1.64225
1.67408
1.70175
1.74174
1.7717
1.77817
1.79627
1.84928
1.90535
1.95449
1.98511
1.96364
2.02808
2.10145
2.17744
2.22819
2.26988
2.36321
2.39322
2.36911
2.38686
2.47477
2.53504
2.56964
2.55407
2.57803
2.60487
2.62585
2.6658
2.71881
2.76698
2.78732
2.78657
2.79792
2.80406
2.84989
2.85141
2.85608
2.89194
2.94364
2.92528
2.9341
2.93461
2.86832
2.86652
2.92973
2.92395
2.92513
2.96157
2.9137
2.8827
2.95372
2.95627
2.97474
2.96645
2.98819
3.00183
3.0097
3.00964
3.02368
3.0412
3.01436
3.01677
3.0166
2.98612
3.02163
2.97937
2.94592
2.91155
2.8347
2.87216
2.86344
2.84458
2.82181
2.80211
2.78081
2.76158
2.78086
2.75272
2.73848
2.71354
2.74846
2.74591
2.74868
2.75231
2.7041
2.67392
2.65317
2.65082
2.67587
2.65105
2.58987
2.52091
2.50696
2.50082
2.50194
2.4838
2.45786
2.43367
2.40569
2.38917
2.3762
2.36354
2.34071
2.27868
2.25927
2.22025
2.20036
2.22014
2.16294
2.12627
2.12274
2.0611
2.02146
1.98764
1.90838
1.86976
1.82544
1.77703
1.74277
1.69781
1.65399
1.63841
1.56279
1.5148
1.46759
1.42238
1.34932
1.28955
1.21932
1.14852
1.08606
1.02357
0.973839
0.929643
0.868121
0.868796
0.784102
0.750539
0.662464
0.615859
0.606051
0.569327
0.553264
0.512113
0.466433
0.456369
0.373079
0.358151
0.322117
0.304763
0.186843
0.190631
0.128621
0.119355
0.0585675
-0.0411421
-0.0415176
-0.147228
-0.142758
-0.24139
-0.234918
-0.315519
-0.331479
-0.381158
-0.362077
-0.415802
-0.423433
-0.482579
-0.498489
-0.480558
-0.553206
-0.63401
-0.691637
-0.630309
-0.742808
-0.867301
-0.945348
-0.930412
-1.02926
-1.16526
-1.21674
-1.2876
-1.31041
-1.4065
-1.41959
-1.49024
-1.5787
-1.61135
-1.66335
-1.68947
-1.70887
-1.77371
-1.88533
-1.89883
-1.93901
-2.01764
-1.97836
-2.02442
-2.09998
-2.14847
-2.22155
-2.23218
-2.18572
-2.22316
-2.27597
-2.25271
-2.24315
-2.33086
-2.32689
-2.27022
-2.28561
-2.32972
-2.33019
-2.31861
-2.32998
-2.36392
-2.45811
-2.47823
-2.35686
-2.28333
-2.39455
-2.51771
-2.50871
-2.41821
-2.44651
-2.51317
-2.52176
-2.51187
-2.47217
-2.41618
-2.39724
-2.39774
-2.46053
-2.50334
-2.50849
-2.57285
-2.57242
-2.59366
-2.56697
-2.50905
-2.55344
-2.55743
-2.55475
-2.59038
-2.63242
-2.69856
-2.6699
-2.73955
-2.70306
-2.78711
-2.70573
-2.76371
-2.86386
-2.84936
-2.86059
-2.83904
-2.94947
-2.86912
-2.90704
-2.86068
-2.94209
-2.90905
-2.91388
-2.89127
-2.94869
-2.92289
-2.90184
-2.86175
-2.89906
-2.99705
-2.98409
-2.95463
-2.99644
-3.16577
-3.082
-3.00578
-2.97573
-3.00706
-2.922
-2.79482
-2.81236
-2.82845
-2.87223
-2.8119
-2.78124
-2.77924
-2.71789
-2.7258
-2.70276
-2.70751
-2.69076
-2.63531
-2.59093
-2.6202
-2.58819
-2.52717
-2.63199
-2.61413
-2.55908
-2.51258
-2.47062
-2.43934
-2.5376
-2.55985
-2.58109
-2.54998
-2.5725
-2.59259
-2.64267
-2.6762
-2.69071
-2.66784
-2.63664
-2.74249
-2.7982
-2.79252
-2.72075
-2.68613
-2.79006
-2.85964
-2.80991
-2.71306
-2.72876
-2.85807
-2.82548
-2.80336
-2.78976
-2.75977
-2.91274
-2.92043
-2.89588
-2.87583
-2.79168
-2.88441
-2.79629
-2.73559
-2.68594
-2.71635
-2.82996
-2.7261
-2.73024
-2.6678
-2.70845
-2.60099
-2.544
-2.49884
-2.48022
-2.49625
-2.39582
-2.3152
-2.31311
-2.21811
-2.113
-2.09842
-2.09903
-2.05248
-1.99518
-2.01813
-2.02192
-2.0149
-1.95891
-1.93872
-1.94526
-1.92112
-1.90963
-1.89005
-1.88321
-1.8906
-1.84243
-1.80485
-1.76307
-1.7202
-1.65783
-1.57032
-1.53002
-1.49241
-1.49707
-1.47687
-1.49499
-1.4686
-1.39882
-1.29622
-1.20985
-1.21491
-1.22395
-1.19847
-1.18457
-1.15573
-1.15649
-1.17168
-1.172
-1.15163
-1.10706
-1.06672
-1.08661
-1.07736
-1.01448
-0.972241
-0.9684
-0.968601
-0.936662
-0.970162
-0.938614
-0.893517
-0.806335
-0.848418
-0.83853
-0.767244
-0.691655
-0.68239
-0.661343
-0.622994
-0.637719
-0.556472
-0.505993
-0.477104
-0.474599
-0.479567
-0.481252
-0.429228
-0.345832
-0.299555
-0.276534
-0.206184
-0.219619
-0.158533
-0.0870675
-0.0938833
0.0752196
0.0915304
0.110371
0.151174
0.154576
0.332879
0.290725
0.304839
0.35024
0.437242
0.569461
0.502422
0.548267
0.578329
0.658508
0.62889
0.642487
0.672188
0.707024
0.793338
0.752261
0.776631
0.762065
0.743319
0.754917
0.742263
0.783594
0.783485
0.80924
0.799802
0.82297
0.860131
0.827587
0.855297
0.885192
0.852051
0.858599
0.870961
0.847323
0.839256
0.887236
0.881632
0.860159
0.849886
0.848319
0.842109
0.812486
0.783749
0.8091
0.775003
0.769289
0.713684
0.676531
0.648738
0.623968
0.621094
0.61031
0.609751
0.576454
0.573453
0.562929
0.562789
0.572975
0.507842
0.457777
0.417729
0.419401
0.398621
0.377794
0.334039
0.33751
0.318477
0.312407
0.326674
0.336258
0.333264
0.302622
0.328353
0.33548
0.322224
0.28801
0.257367
0.253978
0.219387
0.229304
0.217147
0.20189
0.190161
0.190848
0.208725
0.184515
0.156188
0.115176
0.0834405
0.0965074
0.0737593
0.0879958
0.138482
0.0856921
0.0888631
0.0889495
0.0377283
-0.0198111
-0.0376672
-0.0437394
-0.0294596
-0.0030458
-0.00039041
-0.046593
-0.0908762
-0.147077
-0.195068
-0.146839
-0.180827
-0.188781
-0.17717
-0.188856
-0.1647
-0.168112
-0.173171
-0.211051
-0.235896
-0.239706
-0.265433
-0.298387
-0.301258
-0.329202
-0.346714
-0.358915
-0.380461
-0.448935
-0.509317
-0.517885
-0.597227
-0.66178
-0.675569
-0.679427
-0.777704
-0.871137
-0.934221
-1.02513
-1.02756
-0.98124
-0.94808
-0.968763
-1.03175
-1.06141
-1.06385
-1.05975
-1.04737
-1.07872
-1.10017
-1.14316
-1.18567
-1.22057
-1.2622
-1.34245
-1.36534
-1.37968
-1.41626
-1.43749
-1.4026
-1.41302
-1.3563
-1.33136
-1.34471
-1.3612
-1.33463
-1.30117
-1.26887
-1.26114
-1.24469
-1.25525
-1.29805
-1.32211
-1.28973
-1.29944
-1.32336
-1.31893
-1.32459
-1.34342
-1.33485
-1.3576
-1.34004
-1.36355
-1.37626
-1.37217
-1.42156
-1.4515
-1.48126
-1.50276
-1.54797
-1.61361
-1.66929
-1.74436
-1.78866
-1.82706
-1.92811
-1.96936
-2.04234
-2.10708
-2.12707
-2.14956
-2.17674
-2.21408
-2.27175
-2.34807
-2.40313
-2.43821
-2.44718
-2.46289
-2.48634
-2.56
-2.58368
-2.6102
-2.6479
-2.66765
-2.72033
-2.74675
-2.77993
-2.74873
-2.76594
-2.7578
-2.73263
-2.69461
-2.694
-2.65383
-2.65069
-2.63848
-2.59706
-2.54913
-2.50421
-2.44307
-2.36148
-2.30271
-2.26552
-2.22551
-2.13131
-2.05057
-1.96333
-1.87981
-1.83793
-1.88267
-1.91063
-1.86487
-1.7865
-1.78186
-1.79509
-1.81637
-1.77515
-1.71395
-1.67562
-1.61057
-1.55576
-1.52483
-1.47884
-1.38866
-1.3189
-1.2265
-1.1624
-1.13886
-1.23657
-1.18295
-1.0115
-0.968736
-0.983666
-0.978509
-0.974848
-0.999564
-0.974637
-0.950912
-0.917885
-0.894795
-0.864429
-0.832215
-0.796452
-0.745593
-0.743255
-0.738829
-0.700967
-0.641416
-0.604699
-0.582654
-0.553151
-0.50299
-0.461054
-0.39443
-0.278919
-0.212071
-0.246646
-0.237048
-0.105945
-0.0520565
0.0493929
0.128932
0.198753
0.232445
0.274323
0.373082
0.459168
0.547703
0.58077
0.648593
0.655517
0.695118
0.733162
0.770954
0.810336
0.863964
0.923145
1.00465
1.02809
1.05529
1.05417
1.12308
1.19413
1.20497
1.25457
1.29128
1.32589
1.2967
1.35247
1.39015
1.41438
1.48034
1.50612
1.49967
1.54159
1.57631
1.58961
1.62044
1.65184
1.65054
1.59864
1.61188
1.62305
1.61088
1.5923
1.61853
1.58486
1.55081
1.53282
1.50575
1.45785
1.40174
1.39212
1.38551
1.29642
1.24792
1.21163
1.23326
1.19663
1.13884
1.12891
1.06532
0.982019
0.951364
0.862435
0.84148
0.812927
0.805175
0.873499
0.789702
0.580934
0.530489
0.600319
0.639741
0.623447
0.585867
0.554887
0.501436
0.484183
0.475333
0.481116
0.471079
0.417826
0.404095
0.403922
0.412047
0.364203
0.290564
0.225467
0.202233
0.14612
0.0989355
0.0491805
-0.0339143
-0.122543
-0.167959
-0.132421
-0.135251
-0.25297
-0.292913
-0.445731
-0.530614
-0.565343
-0.572846
-0.613451
-0.685091
-0.746997
-0.821634
-0.848941
-0.923746
-0.934574
-0.971762
-1.01861
-1.07426
-1.11562
-1.15319
-1.22961
-1.2967
-1.32079
-1.34177
-1.36701
-1.45084
-1.5706
-1.56796
-1.61109
-1.67911
-1.70803
-1.71021
-1.75788
-1.78809
-1.84688
-1.9144
-1.95565
-1.9673
-2.04295
-2.08841
-2.11871
-2.13579
-2.16873
-2.19605
-2.2056
-2.24191
-2.22024
-2.2504
-2.25334
-2.27902
-2.29399
-2.30478
-2.33624
-2.34729
-2.35251
-2.33038
-2.32863
-2.32727
-2.28288
-2.31614
-2.39009
-2.47443
-2.47087
-2.48859
-2.50981
-2.47627
-2.45244
-2.48073
-2.45544
-2.51017
-2.54988
-2.60598
-2.61556
-2.56451
-2.53795
-2.50526
-2.56349
-2.59964
-2.6307
-2.58221
-2.60677
-2.61213
-2.58614
-2.60824
-2.68501
-2.71615
-2.6581
-2.66826
-2.66514
-2.6684
-2.65866
-2.64862
-2.65797
-2.65814
-2.6677
-2.66029
-2.59138
-2.5271
-2.53432
-2.56643
-2.52647
-2.47946
-2.46553
-2.44321
-2.3702
-2.31904
-2.34659
-2.40197
-2.41211
-2.40045
-2.39512
-2.39137
-2.35593
-2.29849
-2.27962
-2.21733
-2.15623
-2.10181
-2.05345
-1.99955
-1.90337
-1.83796
-1.79598
-1.73578
-1.68112
-1.61835
-1.48387
-1.41071
-1.36734
-1.28221
-1.17408
-1.10173
-1.02008
-0.963494
-0.906428
-0.878873
-0.796718
-0.75886
-0.677965
-0.614342
-0.541756
-0.51987
-0.47792
-0.422473
-0.395439
-0.339548
-0.356956
-0.338218
-0.271711
-0.218668
-0.173089
-0.131918
-0.105876
-0.0682078
0.00867769
0.0412233
0.0597857
0.102085
0.208272
0.287829
0.3583
0.413693
0.479085
0.570165
0.60589
0.634864
0.699326
0.782692
0.848448
0.917881
1.01714
1.0915
1.08374
0.998279
1.0042
0.962338
1.00153
1.04582
1.10353
1.08402
1.13203
1.14105
1.09969
1.11993
1.18315
1.20961
1.18543
1.17125
1.19157
1.19234
1.17365
1.10496
1.16044
1.19466
1.22216
1.2368
1.17437
1.16877
1.22758
1.25666
1.21708
1.2134
1.21858
1.26848
1.3041
1.24624
1.23455
1.30464
1.30638
1.2967
1.2958
1.30046
1.24325
1.23029
1.18342
1.12878
1.09476
1.09169
1.06765
1.03798
0.969998
0.944981
0.920956
0.831434
0.816522
0.772823
0.699583
0.591357
0.548325
0.51854
0.429051
0.398133
0.321519
0.259441
0.213962
0.203299
0.137528
0.0905342
0.0833578
-0.00231862
-0.0771046
-0.088688
-0.154447
-0.227908
-0.222827
-0.25367
-0.270619
-0.30151
-0.401559
-0.423875
-0.456484
-0.534572
-0.546776
-0.56518
-0.629833
-0.670423
-0.699346
-0.724973
-0.769673
-0.798866
-0.813233
-0.82083
-0.869758
-0.903274
-0.939005
-0.968318
-0.99452
-1.06546
-1.10278
-1.17392
-1.25892
-1.27158
-1.23586
-1.13194
-1.11063
-1.06843
-1.10699
-1.18003
-1.13919
-1.04938
-1.02325
-1.0509
-1.06618
-1.06185
-1.04114
-1.00551
-1.00299
-0.939366
-0.929148
-0.861853
-0.80853
-0.754429
-0.803257
-0.742348
-0.698613
-0.766726
-0.752343
-0.74174
-0.683381
-0.66033
-0.710956
-0.697467
-0.623408
-0.549623
-0.575423
-0.496544
-0.4481
-0.478426
-0.391325
-0.333735
-0.279324
-0.248324
-0.174876
-0.16797
-0.10589
-0.082349
-0.0764601
-0.0919379
-0.115421
-0.138221
-0.13031
-0.182803
-0.164237
-0.136334
-0.143265
-0.124153
-0.0990599
-0.0404671
0.0293992
0.0365317
0.0476912
0.0421047
0.0405096
0.0561513
0.0848301
0.0983149
0.133806
0.143233
0.129808
0.176301
0.19348
0.167671
0.228807
0.30883
0.37043
0.406642
0.44466
0.481453
0.56994
0.591978
0.667705
0.741871
0.773073
0.839849
0.904962
0.936164
0.962644
1.01069
1.02588
1.08963
1.11503
1.12766
1.15672
1.17499
1.19334
1.19829
1.19365
1.18459
1.16955
1.16984
1.15197
1.11452
1.06741
0.986326
0.949583
0.936071
0.923356
0.929973
0.805879
0.711568
0.642137
0.710918
0.678763
0.613055
0.61282
0.525686
0.411816
0.250985
0.161965
0.0329018
0.00211596
0.0207484
0.0470862
-0.107009
-0.178343
-0.158913
-0.178402
-0.244253
-0.303
-0.34931
-0.320043
-0.371256
-0.466783
-0.577267
-0.5808
-0.607783
-0.650959
-0.673807
-0.70582
-0.74183
-0.820063
-0.86165
-0.876316
-0.8976
-0.934338
-0.96971
-0.98756
-0.991645
-0.984148
-0.958473
-0.966071
-0.910832
-0.943716
-0.966557
-0.98655
-1.00527
-1.0463
-1.10783
-1.18879
-1.21439
-1.25906
-1.28605
-1.29078
-1.35277
-1.42789
-1.48476
-1.51634
-1.54592
-1.55403
-1.58474
-1.60008
-1.58623
-1.64515
-1.70667
-1.74647
-1.78989
-1.81017
-1.8488
-1.8751
-1.9221
-1.99289
-2.01159
-2.04101
-2.09049
-2.08978
-2.08903
-2.07485
-2.11354
-2.12848
-2.12486
-2.12358
-2.10935
-2.10213
-2.11187
-2.12597
-2.11883
-2.07977
-2.07359
-2.0555
-2.01772
-1.96247
-1.90894
-1.85495
-1.80703
-1.71149
-1.70765
-1.66462
-1.62858
-1.57606
-1.55153
-1.4956
-1.52192
-1.48243
-1.43072
-1.46343
-1.40797
-1.31675
-1.24326
-1.22202
-1.20745
-1.21969
-1.2061
-1.21829
-1.1696
-1.16758
-1.14977
-1.15667
-1.14997
-1.16014
-1.14763
-1.13256
-1.16788
-1.13976
-1.08054
-1.06991
-1.06426
-1.04069
-1.01954
-1.05226
-1.11382
-1.05741
-1.04964
-1.10817
-1.13382
-1.13658
-1.1125
-1.10805
-1.13061
-1.13006
-1.12188
-1.10004
-1.14713
-1.1438
-1.15089
-1.15603
-1.17778
-1.25064
-1.25573
-1.25224
-1.29591
-1.33698
-1.39352
-1.42348
-1.39172
-1.36544
-1.37987
-1.41779
-1.4345
-1.46509
-1.46166
-1.4702
-1.48758
-1.49875
-1.50784
-1.53446
-1.53813
-1.57648
-1.58354
-1.61588
-1.60637
-1.58438
-1.60536
-1.56718
-1.59733
-1.64497
-1.64015
-1.66368
-1.6348
-1.60542
-1.63855
-1.66211
-1.68305
-1.69061
-1.69542
-1.6928
-1.71781
-1.7406
-1.74465
-1.71386
-1.70769
-1.68483
-1.66741
-1.65735
-1.63776
-1.65964
-1.6064
-1.55164
-1.53614
-1.50067
-1.45445
-1.42697
-1.38142
-1.31387
-1.26489
-1.19386
-1.11544
-1.0761
-1.01052
-0.942218
-0.888003
-0.875614
-0.81171
-0.7034
-0.643333
-0.508359
-0.386647
-0.296173
-0.227149
-0.192454
-0.127575
-0.0710197
0.0280514
0.0553846
0.0531383
0.102546
0.135727
0.167383
0.207949
0.270163
0.359279
0.362575
0.444718
0.564256
0.647545
0.700939
0.752615
0.803459
0.876244
0.913642
0.913194
0.901517
0.926769
0.953535
1.02064
1.07742
1.12198
1.20668
1.25634
1.29257
1.37585
1.45448
1.52876
1.59817
1.60105
1.63031
1.68912
1.72724
1.75435
1.83342
1.93202
2.02187
2.04758
2.11111
2.22364
2.30774
2.33052
2.33569
2.39344
2.39091
2.37243
2.31766
2.22331
2.13254
2.12288
2.12314
2.09939
2.05096
1.96121
1.90281
1.91715
1.9247
1.90458
1.91563
1.9376
1.90215
1.94498
1.92375
1.96633
1.95416
1.96003
1.94232
1.9496
1.90216
1.87751
1.82798
1.80599
1.71674
1.67119
1.64798
1.59734
1.5339
1.4966
1.4777
1.44856
1.39373
1.32296
1.29648
1.31137
1.29473
1.27469
1.29745
1.25581
1.18242
1.13137
1.02909
0.913367
0.840726
0.741661
0.646434
0.565924
0.511485
0.48309
0.430667
0.368309
0.321469
0.306432
0.327651
0.322481
0.284375
0.267835
0.228545
0.103556
0.0143632
0.00193492
-0.0595033
-0.106885
-0.158437
-0.18367
-0.174623
-0.163256
-0.13653
-0.124816
-0.153099
-0.208051
-0.237858
-0.249548
-0.279123
-0.315849
-0.326788
-0.341674
-0.353304
-0.35404
-0.403598
-0.456629
-0.481755
-0.531313
-0.547677
-0.560116
-0.65345
-0.76265
-0.844317
-0.855699
-0.869623
-0.956401
-1.04957
-1.01314
-0.93511
-1.00672
-1.07582
-1.06806
-1.06156
-0.959777
-0.823098
-0.781623
-0.788236
-0.779219
-0.762181
-0.792053
-0.747058
-0.805303
-0.838824
-0.852254
-0.861333
-0.851949
-0.815494
-0.846336
-0.797956
-0.838333
-0.838959
-0.83768
-0.867707
-0.932156
-0.989931
-1.04408
-1.03489
-0.995829
-0.964215
-1.06727
-1.12015
-1.10845
-1.11848
-1.13645
-1.19566
-1.31371
-1.26254
-1.14303
-1.16216
-1.25063
-1.31489
-1.34615
-1.37865
-1.34206
-1.33967
-1.29924
-1.35621
-1.41374
-1.4184
-1.36087
-1.32292
-1.26763
-1.21622
-1.3137
-1.38835
-1.36534
-1.32918
-1.35771
-1.42574
-1.45427
-1.49522
-1.53634
-1.5263
-1.51833
-1.52513
-1.59164
-1.55789
-1.57031
-1.57839
-1.66952
-1.71941
-1.77468
-1.85667
-1.95214
-1.94337
-1.82692
-1.88324
-1.94768
-1.92517
-1.94084
-1.998
-2.01706
-1.98619
-2.02276
-2.01142
-1.97743
-2.00943
-2.03454
-2.0995
-2.15417
-2.14735
-2.12088
-2.12133
-2.13407
-2.23823
-2.30456
-2.24282
-2.32122
-2.43582
-2.38741
-2.31456
-2.32429
-2.28494
-2.35908
-2.46287
-2.52177
-2.53109
-2.48765
-2.47283
-2.3812
-2.40743
-2.38525
-2.36578
-2.3441
-2.3664
-2.39053
-2.42768
-2.43492
-2.47343
-2.44727
-2.47951
-2.47671
-2.45328
-2.41176
-2.33513
-2.31514
-2.35043
-2.40004
-2.35538
-2.22476
-2.20248
-2.25365
-2.2457
-2.27228
-2.24299
-2.14797
-2.22118
-2.34034
-2.28586
-2.2568
-2.25616
-2.23711
-2.22967
-2.30245
-2.40318
-2.51029
-2.46111
-2.39142
-2.33462
-2.33765
-2.37481
-2.45103
-2.5231
-2.45559
-2.40712
-2.42868
-2.49108
-2.50274
-2.4957
-2.49551
-2.46634
-2.4546
-2.48044
-2.44244
-2.43821
-2.41369
-2.47057
-2.51443
-2.52826
-2.48962
-2.49253
-2.46963
-2.41731
-2.35534
-2.4014
-2.52463
-2.46103
-2.41406
-2.41489
-2.33226
-2.26181
-2.21571
-2.2171
-2.15307
-2.10748
-2.0451
-1.95153
-1.80856
-1.68215
-1.555
-1.51614
-1.44959
-1.38586
-1.37016
-1.26502
-1.20764
-1.23863
-1.21245
-1.13928
-1.13261
-1.10669
-1.07854
-1.06864
-1.00602
-0.995528
-0.935038
-0.877326
-0.928815
-0.957234
-0.932495
-0.912062
-0.924093
-0.857929
-0.845359
-0.832283
-0.841507
-0.828351
-0.80348
-0.788504
-0.788644
-0.769806
-0.758233
-0.676233
-0.698778
-0.740268
-0.710317
-0.65965
-0.659264
-0.709802
-0.691513
-0.614839
-0.526666
-0.464242
-0.457123
-0.496075
-0.446174
-0.415882
-0.445928
-0.509726
-0.469863
-0.404782
-0.383581
-0.382432
-0.355541
-0.30222
-0.213107
-0.204019
-0.198377
-0.237074
-0.24267
-0.21017
-0.120782
-0.067487
-0.0617217
-0.00553802
0.0823077
0.114109
0.166823
0.204962
0.182761
0.213333
0.245553
0.310896
0.316639
0.32787
0.29557
0.351662
0.430785
0.501396
0.55561
0.579434
0.605296
0.633184
0.685158
0.723236
0.736295
0.731167
0.737684
0.738228
0.65104
0.635626
0.59106
0.561151
0.474913
0.426928
0.37428
0.294327
0.185652
0.13135
0.0611797
0.0516504
-0.0212293
-0.0723585
-0.104548
-0.13423
-0.0979472
-0.101519
-0.103796
-0.0970073
-0.0934437
-0.0772018
-0.0625912
-0.0660926
-0.0251405
0.0285108
0.0345144
0.0450961
0.108657
0.15475
0.152293
0.140693
0.19858
0.169572
0.223489
0.242734
0.279894
0.344362
0.391502
0.359195
0.414366
0.419597
0.388285
0.305713
0.351244
0.418541
0.47521
0.450614
0.454927
0.437409
0.398327
0.39559
0.373901
0.369959
0.43814
0.539479
0.519265
0.514904
0.516066
0.507912
0.46973
0.445105
0.481075
0.53558
0.582358
0.634662
0.707461
0.727256
0.736403
0.758193
0.811269
0.844672
0.833698
0.791933
0.766217
0.740243
0.678333
0.693868
0.690257
0.711666
0.723286
0.7225
0.691978
0.696296
0.740458
0.792848
0.885992
0.898128
0.877393
0.849812
0.84779
0.878641
0.925569
0.96266
0.970623
1.01474
1.03608
1.05367
1.06971
1.09854
1.14699
1.14933
1.14129
1.15047
1.18581
1.24439
1.26256
1.33731
1.39107
1.43362
1.48483
1.50635
1.56398
1.62137
1.66665
1.70693
1.70595
1.71936
1.81117
1.78706
1.85313
1.91653
1.92128
1.925
1.9995
1.99022
2.01859
2.04155
2.03493
2.05179
2.07951
2.15886
2.19581
2.25624
2.27564
2.29134
2.26722
2.24823
2.24422
2.31386
2.29538
2.32189
2.35373
2.35325
2.359
2.36438
2.33154
2.3659
2.37877
2.41975
2.43405
2.43946
2.4311
2.41355
2.40489
2.39262
2.39569
2.39546
2.45347
2.50323
2.51253
2.5509
2.48888
2.44345
2.39005
2.35613
2.29421
2.23897
2.22631
2.20806
2.15763
2.14972
2.14162
2.14794
2.16452
2.1876
2.16575
2.1348
2.08317
2.04115
1.99086
1.90945
1.89966
1.82234
1.72811
1.65058
1.53131
1.4896
1.43921
1.44669
1.44045
1.40689
1.33751
1.26975
1.21507
1.15613
1.10712
1.09167
1.08251
1.06251
1.00152
0.982157
0.967226
0.933158
0.950946
0.852797
0.841253
0.775949
0.751907
0.762336
0.714891
0.68197
0.624935
0.574044
0.579546
0.587127
0.548568
0.503366
0.380846
0.396293
0.314946
0.226339
0.181258
0.171094
0.059434
0.0314899
0.00794828
-0.0315383
-0.096681
-0.133801
-0.142302
-0.225861
-0.271057
-0.304969
-0.378615
-0.416511
-0.415491
-0.402773
-0.444305
-0.482403
-0.504215
-0.561943
-0.591714
-0.56648
-0.608641
-0.647887
-0.648868
-0.673982
-0.654817
-0.682545
-0.663523
-0.654835
-0.646754
-0.668559
-0.664307
-0.705676
-0.728817
-0.753964
-0.791924
-0.815924
-0.833184
-0.889045
-0.928522
-0.918307
-0.900596
-0.86307
-0.854865
-0.779159
-0.769738
-0.785786
-0.770315
-0.77932
-0.805972
-0.782841
-0.772008
-0.806292
-0.789638
-0.745681
-0.695437
-0.706661
-0.675964
-0.623171
-0.587595
-0.552844
-0.528628
-0.4981
-0.442213
-0.416525
-0.351353
-0.352398
-0.36345
-0.349489
-0.335834
-0.366326
-0.358289
-0.379661
-0.394969
-0.415277
-0.453501
-0.487901
-0.451668
-0.467728
-0.45517
-0.436766
-0.455499
-0.401038
-0.413647
-0.412966
-0.423706
-0.429624
-0.435372
-0.445443
-0.464952
-0.470516
-0.512615
-0.540476
-0.481255
-0.433249
-0.389729
-0.372994
-0.40096
-0.392895
-0.363312
-0.337884
-0.298353
-0.279021
-0.293996
-0.281428
-0.239673
-0.234078
-0.253212
-0.241361
-0.22248
-0.260341
-0.277153
-0.247299
-0.250294
-0.258221
-0.274353
-0.280881
-0.283175
-0.264662
-0.234161
-0.267082
-0.274481
-0.271165
-0.25056
-0.238653
-0.271554
-0.271566
-0.271075
-0.315886
-0.323059
-0.323211
-0.360885
-0.333221
-0.337257
-0.301704
-0.284152
-0.29215
-0.289066
-0.279444
-0.196241
-0.225208
-0.252312
-0.273272
-0.307158
-0.382971
-0.410643
-0.429741
-0.453975
-0.437196
-0.457302
-0.476611
-0.470058
-0.468375
-0.465645
-0.490455
-0.490722
-0.487069
-0.476787
-0.501873
-0.52366
-0.54598
-0.541909
-0.55692
-0.555468
-0.582677
-0.611588
-0.633952
-0.629409
-0.66201
-0.684511
-0.638196
-0.638051
-0.598876
-0.531863
-0.527606
-0.498329
-0.4591
-0.442643
-0.424717
-0.434214
-0.410262
-0.412433
-0.407147
-0.378089
-0.331296
-0.340821
-0.385668
-0.376656
-0.368872
-0.357936
-0.361027
-0.338041
-0.344769
-0.361931
-0.378995
-0.39494
-0.403874
-0.372519
-0.356415
-0.373409
-0.383455
-0.411138
-0.402834
-0.411853
-0.42797
-0.450546
-0.448226
-0.461754
-0.436774
-0.482945
-0.470898
-0.465426
-0.478968
-0.438298
-0.432826
-0.408353
-0.395684
-0.381904
-0.335576
-0.39532
-0.424276
-0.40366
-0.406849
-0.441893
-0.476733
-0.492453
-0.483841
-0.479335
-0.465143
-0.459275
-0.458445
-0.42478
-0.413162
-0.376563
-0.375976
-0.402526
-0.361916
-0.329828
-0.285409
-0.297748
-0.280932
-0.25323
-0.29006
-0.295761
-0.255287
-0.234545
-0.205461
-0.212102
-0.250917
-0.226818
-0.218808
-0.215352
-0.15728
-0.120011
-0.0702061
-0.0544496
-0.0190563
0.0591278
0.109524
0.15279
0.195298
0.219299
0.212643
0.213365
0.234728
0.23436
0.222457
0.206216
0.208797
0.232816
0.243995
0.285167
0.326013
0.355761
0.356659
0.390879
0.436066
0.450127
0.472414
0.508495
0.497198
0.56413
0.559276
0.524889
0.543858
0.531685
0.584076
0.639498
0.596627
0.665388
0.65337
0.667173
0.682076
0.672745
0.698248
0.695669
0.668179
0.673582
0.657756
0.671775
0.670948
0.708567
0.656931
0.707998
0.683612
0.759392
0.769254
0.841554
0.787791
0.843103
0.827758
0.91778
0.904638
0.949535
0.918462
0.994044
0.99981
1.09065
1.00782
1.08975
1.18671
1.17862
1.28423
1.28971
1.36899
1.38136
1.39513
1.42927
1.39907
1.46678
1.45012
1.43986
1.49708
1.42392
1.4438
1.52583
1.46916
1.49914
1.55158
1.49135
1.58461
1.62217
1.60001
1.66471
1.73455
1.69594
1.68637
1.84455
1.84563
1.8018
1.88594
1.93074
1.82273
1.77845
1.77061
1.79899
1.73884
1.68934
1.70004
1.73013
1.67263
1.64278
1.69075
1.7831
1.83327
1.78182
1.7631
1.82117
1.84198
1.81103
1.81891
1.77857
1.74708
1.74795
1.78037
1.73251
1.60789
1.58769
1.59649
1.60589
1.62214
1.61954
1.61346
1.63708
1.5641
1.51986
1.44486
1.37842
1.4255
1.41122
1.45271
1.42982
1.41723
1.36353
1.30904
1.28734
1.30729
1.26569
1.25575
1.22439
1.24493
1.22069
1.26275
1.23931
1.23466
1.15081
1.14571
1.08539
1.12529
1.06731
1.04386
0.919925
0.928926
0.855794
0.895622
0.87915
0.908322
0.79601
0.798237
0.722774
0.670724
0.677479
0.633018
0.693001
0.668108
0.650825
0.621767
0.550386
0.559334
0.522773
0.542681
0.507955
0.377379
0.376482
0.385504
0.301294
0.278128
0.241735
0.209755
0.339463
0.23542
0.154703
0.19958
0.190345
0.0914536
0.0615411
0.0906102
-0.033319
-0.0665337
-0.10171
-0.150981
-0.188313
-0.123616
-0.0836186
-0.166669
