400.00 1.818358E-3 1.009596E-3 4.20348E-3
400.10 1.833325E-3 1.017906E-3 4.23808E-3
400.20 1.859654E-3 1.032524E-3 4.29894E-3
400.30 1.897699E-3 1.053648E-3 4.38689E-3
400.40 1.945272E-3 1.080061E-3 4.49686E-3
400.50 1.99774E-3 1.109192E-3 4.61815E-3
400.60 2.04852E-3 1.137386E-3 4.73553E-3
400.70 2.09072E-3 1.160816E-3 4.83308E-3
400.80 2.12053E-3 1.177367E-3 4.90200E-3
400.90 2.13790E-3 1.187012E-3 4.94215E-3
401.00 2.14519E-3 1.191063E-3 4.95902E-3
401.10 2.14629E-3 1.19167E-3 4.96155E-3
401.20 2.14552E-3 1.191246E-3 4.95978E-3
401.30 2.14597E-3 1.191494E-3 4.96081E-3
401.40 2.14844E-3 1.192863E-3 4.96652E-3
401.50 2.15181E-3 1.194738E-3 4.97432E-3
401.60 2.15451E-3 1.196235E-3 4.98055E-3
401.70 2.15572E-3 1.19691E-3 4.98336E-3
401.80 2.15584E-3 1.196971E-3 4.98362E-3
401.90 2.15586E-3 1.196984E-3 4.98367E-3
402.00 2.15679E-3 1.19750E-3 4.98582E-3
402.10 2.15886E-3 1.198651E-3 4.99061E-3
402.20 2.16149E-3 1.200108E-3 4.99668E-3
402.30 2.16370E-3 1.201338E-3 5.00180E-3
402.40 2.16477E-3 1.201933E-3 5.00428E-3
402.50 2.16485E-3 1.201974E-3 5.00445E-3
402.60 2.16493E-3 1.202021E-3 5.00464E-3
402.70 2.16603E-3 1.202632E-3 5.00719E-3
402.80 2.16845E-3 1.203976E-3 5.01278E-3
402.90 2.17138E-3 1.20560E-3 5.01955E-3
403.00 2.17349E-3 1.206776E-3 5.02444E-3
403.10 2.17386E-3 1.206977E-3 5.02528E-3
403.20 2.17257E-3 1.206263E-3 5.02231E-3
403.30 2.17075E-3 1.205252E-3 5.01809E-3
403.40 2.16970E-3 1.204669E-3 5.01567E-3
403.50 2.17004E-3 1.204858E-3 5.01646E-3
403.60 2.17140E-3 1.205611E-3 5.01959E-3
403.70 2.17272E-3 1.206348E-3 5.02266E-3
403.80 2.17318E-3 1.206599E-3 5.02370E-3
403.90 2.17291E-3 1.206453E-3 5.02309E-3
404.00 2.17350E-3 1.206779E-3 5.02445E-3
404.10 2.17694E-3 1.208689E-3 5.03241E-3
404.20 2.18425E-3 1.212748E-3 5.04931E-3
404.30 2.19468E-3 1.218539E-3 5.07342E-3
404.40 2.20575E-3 1.224684E-3 5.09900E-3
404.50 2.21451E-3 1.229548E-3 5.11925E-3
404.60 2.21871E-3 1.231878E-3 5.12896E-3
404.70 2.21766E-3 1.23130E-3 5.12655E-3
404.80 2.21262E-3 1.228498E-3 5.11488E-3
404.90 2.20598E-3 1.224811E-3 5.09953E-3
405.00 2.20020E-3 1.221601E-3 5.08617E-3
405.10 2.19678E-3 1.219706E-3 5.07828E-3
405.20 2.19574E-3 1.219125E-3 5.07586E-3
405.30 2.19592E-3 1.219225E-3 5.07627E-3
405.40 2.19567E-3 1.219088E-3 5.07570E-3
405.50 2.19402E-3 1.218171E-3 5.07189E-3
405.60 2.19115E-3 1.216578E-3 5.06525E-3
405.70 2.18800E-3 1.214831E-3 5.05798E-3
405.80 2.18582E-3 1.213622E-3 5.05294E-3
405.90 2.18601E-3 1.213723E-3 5.05337E-3
406.00 2.18938E-3 1.215596E-3 5.06116E-3
406.10 2.19567E-3 1.219089E-3 5.07571E-3
406.20 2.20334E-3 1.223349E-3 5.09344E-3
406.30 2.20995E-3 1.227015E-3 5.10871E-3
406.40 2.21349E-3 1.228985E-3 5.11691E-3
406.50 2.21339E-3 1.228925E-3 5.11666E-3
406.60 2.21025E-3 1.227182E-3 5.10940E-3
406.70 2.20575E-3 1.224683E-3 5.09900E-3
406.80 2.20256E-3 1.222913E-3 5.09163E-3
406.90 2.20329E-3 1.223321E-3 5.09333E-3
407.00 2.20970E-3 1.22688E-3 5.10815E-3
407.10 2.22161E-3 1.23349E-3 5.13567E-3
407.20 2.23671E-3 1.241873E-3 5.17057E-3
407.30 2.25249E-3 1.250638E-3 5.20706E-3
407.40 2.26697E-3 1.258678E-3 5.24054E-3
407.50 2.27823E-3 1.264926E-3 5.26655E-3
407.60 2.28503E-3 1.268705E-3 5.28228E-3
407.70 2.28752E-3 1.270088E-3 5.28804E-3
407.80 2.28684E-3 1.269706E-3 5.28645E-3
407.90 2.28485E-3 1.268603E-3 5.28186E-3
408.00 2.28323E-3 1.267703E-3 5.27811E-3
408.10 2.28299E-3 1.267568E-3 5.27755E-3
408.20 2.28469E-3 1.268515E-3 5.28149E-3
408.30 2.28802E-3 1.270364E-3 5.28919E-3
408.40 2.29168E-3 1.272393E-3 5.29764E-3
408.50 2.29403E-3 1.273699E-3 5.30308E-3
408.60 2.29405E-3 1.273713E-3 5.30314E-3
408.70 2.29192E-3 1.272531E-3 5.29821E-3
408.80 2.28930E-3 1.271076E-3 5.29216E-3
408.90 2.28876E-3 1.270777E-3 5.29091E-3
409.00 2.29304E-3 1.273151E-3 5.30079E-3
409.10 2.30449E-3 1.279507E-3 5.32726E-3
409.20 2.32449E-3 1.290613E-3 5.37350E-3
409.30 2.35313E-3 1.306515E-3 5.43971E-3
409.40 2.38946E-3 1.326687E-3 5.52369E-3
409.50 2.43014E-3 1.34927E-3 5.61772E-3
409.60 2.47000E-3 1.371403E-3 5.70987E-3
409.70 2.50482E-3 1.390736E-3 5.79036E-3
409.80 2.53197E-3 1.405808E-3 5.85312E-3
409.90 2.55047E-3 1.416084E-3 5.89590E-3
410.00 2.56091E-3 1.421878E-3 5.92002E-3
410.10 2.56478E-3 1.424029E-3 5.92898E-3
410.20 2.56482E-3 1.42405E-3 5.92907E-3
410.30 2.56515E-3 1.424235E-3 5.92984E-3
410.40 2.56928E-3 1.426528E-3 5.93938E-3
410.50 2.57922E-3 1.432045E-3 5.96236E-3
410.60 2.59604E-3 1.441385E-3 6.00124E-3
410.70 2.62028E-3 1.454843E-3 6.05727E-3
410.80 2.65148E-3 1.472167E-3 6.12940E-3
410.90 2.68751E-3 1.492171E-3 6.21269E-3
411.00 2.72527E-3 1.513137E-3 6.29998E-3
411.10 2.76296E-3 1.53406E-3 6.38710E-3
411.20 2.79993E-3 1.554587E-3 6.47256E-3
411.30 2.83583E-3 1.574519E-3 6.55555E-3
411.40 2.86914E-3 1.593016E-3 6.63256E-3
411.50 2.89815E-3 1.60912E-3 6.69961E-3
411.60 2.92222E-3 1.622489E-3 6.75527E-3
411.70 2.94109E-3 1.632966E-3 6.79889E-3
411.80 2.95429E-3 1.640291E-3 6.82939E-3
411.90 2.96176E-3 1.644439E-3 6.84666E-3
412.00 2.96429E-3 1.645843E-3 6.85251E-3
412.10 2.96342E-3 1.645364E-3 6.85051E-3
412.20 2.96132E-3 1.644195E-3 6.84565E-3
412.30 2.95975E-3 1.643326E-3 6.84203E-3
412.40 2.96075E-3 1.643879E-3 6.84433E-3
412.50 2.96582E-3 1.646693E-3 6.85604E-3
412.60 2.97470E-3 1.651623E-3 6.87657E-3
412.70 2.98626E-3 1.658045E-3 6.90331E-3
412.80 2.99902E-3 1.66513E-3 6.93281E-3
412.90 3.01115E-3 1.671863E-3 6.96084E-3
413.00 3.02222E-3 1.678007E-3 6.98642E-3
413.10 3.03178E-3 1.683319E-3 7.00854E-3
413.20 3.03860E-3 1.687104E-3 7.02430E-3
413.30 3.04266E-3 1.689357E-3 7.03368E-3
413.40 3.04478E-3 1.690534E-3 7.03858E-3
413.50 3.04547E-3 1.690919E-3 7.04018E-3
413.60 3.04504E-3 1.690677E-3 7.03918E-3
413.70 3.04374E-3 1.689955E-3 7.03617E-3
413.80 3.04210E-3 1.689048E-3 7.03239E-3
413.90 3.04095E-3 1.688406E-3 7.02972E-3
414.00 3.04068E-3 1.688261E-3 7.02912E-3
414.10 3.04073E-3 1.688288E-3 7.02923E-3
414.20 3.03887E-3 1.687253E-3 7.02492E-3
414.30 3.03088E-3 1.682815E-3 7.00644E-3
414.40 3.01153E-3 1.672072E-3 6.96171E-3
414.50 2.97735E-3 1.653095E-3 6.88270E-3
414.60 2.92956E-3 1.626561E-3 6.77223E-3
414.70 2.87329E-3 1.595322E-3 6.64216E-3
414.80 2.81528E-3 1.56311E-3 6.50805E-3
414.90 2.76343E-3 1.534325E-3 6.38820E-3
415.00 2.72528E-3 1.513141E-3 6.30000E-3
415.10 2.70437E-3 1.501532E-3 6.25167E-3
415.20 2.69828E-3 1.498147E-3 6.23757E-3
415.30 2.69971E-3 1.498945E-3 6.24089E-3
415.40 2.69971E-3 1.498944E-3 6.24089E-3
415.50 2.69031E-3 1.493725E-3 6.21916E-3
415.60 2.66540E-3 1.479896E-3 6.16158E-3
415.70 2.62278E-3 1.456228E-3 6.06304E-3
415.80 2.56595E-3 1.424676E-3 5.93167E-3
415.90 2.50258E-3 1.389489E-3 5.78517E-3
416.00 2.44113E-3 1.355374E-3 5.64313E-3
416.10 2.38809E-3 1.325925E-3 5.52052E-3
416.20 2.34717E-3 1.303205E-3 5.42593E-3
416.30 2.32062E-3 1.288463E-3 5.36455E-3
416.40 2.30788E-3 1.281387E-3 5.33509E-3
416.50 2.30409E-3 1.279287E-3 5.32634E-3
416.60 2.30382E-3 1.279136E-3 5.32571E-3
416.70 2.30348E-3 1.278944E-3 5.32492E-3
416.80 2.30117E-3 1.277667E-3 5.31960E-3
416.90 2.29530E-3 1.274403E-3 5.30601E-3
417.00 2.28450E-3 1.268407E-3 5.28104E-3
417.10 2.27012E-3 1.260422E-3 5.24780E-3
417.20 2.25562E-3 1.252373E-3 5.21429E-3
417.30 2.24305E-3 1.245393E-3 5.18523E-3
417.40 2.23320E-3 1.239929E-3 5.16247E-3
417.50 2.22693E-3 1.236447E-3 5.14798E-3
417.60 2.22442E-3 1.235051E-3 5.14216E-3
417.70 2.22431E-3 1.234993E-3 5.14192E-3
417.80 2.22395E-3 1.234788E-3 5.14107E-3
417.90 2.22104E-3 1.233177E-3 5.13436E-3
418.00 2.21524E-3 1.229953E-3 5.12094E-3
418.10 2.20737E-3 1.225587E-3 5.10276E-3
418.20 2.19845E-3 1.220633E-3 5.08213E-3
418.30 2.18960E-3 1.215719E-3 5.06168E-3
418.40 2.18164E-3 1.211301E-3 5.04328E-3
418.50 2.17493E-3 1.207571E-3 5.02775E-3
418.60 2.16963E-3 1.204633E-3 5.01552E-3
418.70 2.16567E-3 1.202433E-3 5.00636E-3
418.80 2.16291E-3 1.200898E-3 4.99997E-3
418.90 2.16143E-3 1.200075E-3 4.99654E-3
419.00 2.16103E-3 1.199854E-3 4.99562E-3
419.10 2.16146E-3 1.200094E-3 4.99662E-3
419.20 2.16248E-3 1.20066E-3 4.99898E-3
419.30 2.16344E-3 1.201194E-3 5.00120E-3
419.40 2.16328E-3 1.201107E-3 5.00084E-3
419.50 2.16055E-3 1.199587E-3 4.99451E-3
419.60 2.15372E-3 1.195796E-3 4.97873E-3
419.70 2.14215E-3 1.189374E-3 4.95199E-3
419.80 2.12614E-3 1.180481E-3 4.91496E-3
419.90 2.10715E-3 1.16994E-3 4.87107E-3
420.00 2.08869E-3 1.159693E-3 4.82841E-3
420.10 2.07429E-3 1.151695E-3 4.79511E-3
420.20 2.06529E-3 1.146697E-3 4.77430E-3
420.30 2.06143E-3 1.144557E-3 4.76539E-3
420.40 2.06140E-3 1.14454E-3 4.76532E-3
420.50 2.06305E-3 1.145454E-3 4.76913E-3
420.60 2.06420E-3 1.146092E-3 4.77178E-3
420.70 2.06368E-3 1.145805E-3 4.77059E-3
420.80 2.06226E-3 1.145016E-3 4.76730E-3
420.90 2.06205E-3 1.144899E-3 4.76681E-3
421.00 2.06498E-3 1.146524E-3 4.77358E-3
421.10 2.07247E-3 1.150687E-3 4.79091E-3
421.20 2.08545E-3 1.157889E-3 4.82090E-3
421.30 2.10357E-3 1.167952E-3 4.86280E-3
421.40 2.12444E-3 1.17954E-3 4.91104E-3
421.50 2.14500E-3 1.190956E-3 4.95857E-3
421.60 2.16364E-3 1.201304E-3 5.00166E-3
421.70 2.17991E-3 1.210337E-3 5.03927E-3
421.80 2.19353E-3 1.217899E-3 5.07075E-3
421.90 2.20430E-3 1.223879E-3 5.09565E-3
422.00 2.21193E-3 1.228113E-3 5.11328E-3
422.10 2.21656E-3 1.230687E-3 5.12399E-3
422.20 2.21936E-3 1.232239E-3 5.13046E-3
422.30 2.22110E-3 1.233209E-3 5.13449E-3
422.40 2.22157E-3 1.233471E-3 5.13559E-3
422.50 2.22078E-3 1.233032E-3 5.13376E-3
422.60 2.21957E-3 1.232357E-3 5.13095E-3
422.70 2.21975E-3 1.232457E-3 5.13136E-3
422.80 2.22422E-3 1.234939E-3 5.14170E-3
422.90 2.23661E-3 1.241819E-3 5.17035E-3
423.00 2.26282E-3 1.256372E-3 5.23094E-3
423.10 2.30967E-3 1.282382E-3 5.33923E-3
423.20 2.38001E-3 1.321438E-3 5.50184E-3
423.30 2.47300E-3 1.373068E-3 5.71680E-3
423.40 2.58285E-3 1.434058E-3 5.97073E-3
423.50 2.69781E-3 1.49789E-3 6.23650E-3
423.60 2.80538E-3 1.557612E-3 6.48516E-3
423.70 2.89464E-3 1.607175E-3 6.69151E-3
423.80 2.95705E-3 1.641826E-3 6.83578E-3
423.90 2.99101E-3 1.660678E-3 6.91427E-3
424.00 3.00288E-3 1.667272E-3 6.94173E-3
424.10 3.00334E-3 1.667528E-3 6.94279E-3
424.20 3.00436E-3 1.66809E-3 6.94513E-3
424.30 3.01406E-3 1.673478E-3 6.96757E-3
424.40 3.03477E-3 1.684977E-3 7.01544E-3
424.50 3.06408E-3 1.701249E-3 7.08319E-3
424.60 3.09706E-3 1.719561E-3 7.15943E-3
424.70 3.12786E-3 1.736663E-3 7.23064E-3
424.80 3.15117E-3 1.749602E-3 7.28451E-3
424.90 3.16433E-3 1.756909E-3 7.31493E-3
425.00 3.16893E-3 1.759467E-3 7.32558E-3
425.10 3.16905E-3 1.759533E-3 7.32586E-3
425.20 3.16823E-3 1.759075E-3 7.32395E-3
425.30 3.16837E-3 1.759153E-3 7.32428E-3
425.40 3.16947E-3 1.759765E-3 7.32683E-3
425.50 3.17072E-3 1.760457E-3 7.32970E-3
425.60 3.16988E-3 1.759991E-3 7.32777E-3
425.70 3.16380E-3 1.756617E-3 7.31372E-3
425.80 3.15073E-3 1.749361E-3 7.28351E-3
425.90 3.13061E-3 1.738188E-3 7.23699E-3
426.00 3.10433E-3 1.723599E-3 7.17625E-3
426.10 3.07340E-3 1.706425E-3 7.10474E-3
426.20 3.04019E-3 1.687985E-3 7.02797E-3
426.30 3.00947E-3 1.670928E-3 6.95695E-3
426.40 2.98583E-3 1.657805E-3 6.90231E-3
426.50 2.96953E-3 1.648755E-3 6.86463E-3
426.60 2.95887E-3 1.642833E-3 6.83998E-3
426.70 2.95301E-3 1.639579E-3 6.82643E-3
426.80 2.95117E-3 1.638561E-3 6.82219E-3
426.90 2.95139E-3 1.63868E-3 6.82269E-3
427.00 2.95129E-3 1.638628E-3 6.82247E-3
427.10 2.95028E-3 1.638068E-3 6.82014E-3
427.20 2.94928E-3 1.637508E-3 6.81781E-3
427.30 2.94889E-3 1.637294E-3 6.81692E-3
427.40 2.94896E-3 1.637331E-3 6.81707E-3
427.50 2.94926E-3 1.637499E-3 6.81777E-3
427.60 2.94937E-3 1.637562E-3 6.81803E-3
427.70 2.94874E-3 1.637208E-3 6.81656E-3
427.80 2.94756E-3 1.636553E-3 6.81383E-3
427.90 2.94644E-3 1.635934E-3 6.81125E-3
428.00 2.94597E-3 1.635673E-3 6.81016E-3
428.10 2.94676E-3 1.63611E-3 6.81198E-3
428.20 2.94886E-3 1.637278E-3 6.81685E-3
428.30 2.95107E-3 1.638504E-3 6.82195E-3
428.40 2.95172E-3 1.638863E-3 6.82345E-3
428.50 2.94993E-3 1.63787E-3 6.81931E-3
428.60 2.94691E-3 1.636193E-3 6.81233E-3
428.70 2.94444E-3 1.634823E-3 6.80663E-3
428.80 2.94315E-3 1.634109E-3 6.80365E-3
428.90 2.94290E-3 1.633967E-3 6.80306E-3
429.00 2.94285E-3 1.633941E-3 6.80295E-3
429.10 2.94202E-3 1.633482E-3 6.80104E-3
429.20 2.94018E-3 1.63246E-3 6.79679E-3
429.30 2.93806E-3 1.631282E-3 6.79188E-3
429.40 2.93676E-3 1.630557E-3 6.78886E-3
429.50 2.93646E-3 1.630395E-3 6.78819E-3
429.60 2.93644E-3 1.630382E-3 6.78814E-3
429.70 2.93536E-3 1.62978E-3 6.78563E-3
429.80 2.93120E-3 1.627474E-3 6.77603E-3
429.90 2.92306E-3 1.62295E-3 6.75719E-3
430.00 2.91239E-3 1.617027E-3 6.73253E-3
430.10 2.90294E-3 1.611779E-3 6.71068E-3
430.20 2.89815E-3 1.609124E-3 6.69963E-3
430.30 2.90086E-3 1.610627E-3 6.70588E-3
430.40 2.91277E-3 1.617239E-3 6.73341E-3
430.50 2.93051E-3 1.627088E-3 6.77442E-3
430.60 2.94661E-3 1.63603E-3 6.81165E-3
430.70 2.95544E-3 1.640933E-3 6.83206E-3
430.80 2.95676E-3 1.641661E-3 6.83510E-3
430.90 2.95603E-3 1.64126E-3 6.83343E-3
431.00 2.95931E-3 1.64308E-3 6.84100E-3
431.10 2.97152E-3 1.64986E-3 6.86923E-3
431.20 2.99569E-3 1.663277E-3 6.92510E-3
431.30 3.03064E-3 1.682686E-3 7.00590E-3
431.40 3.07100E-3 1.705092E-3 7.09919E-3
431.50 3.10978E-3 1.726626E-3 7.18885E-3
431.60 3.14283E-3 1.744977E-3 7.26525E-3
431.70 3.17115E-3 1.76070E-3 7.33072E-3
431.80 3.19644E-3 1.774738E-3 7.38916E-3
431.90 3.21919E-3 1.787369E-3 7.44176E-3
432.00 3.24004E-3 1.798949E-3 7.48997E-3
432.10 3.25831E-3 1.809092E-3 7.53220E-3
432.20 3.27272E-3 1.817093E-3 7.56551E-3
432.30 3.28222E-3 1.822366E-3 7.58746E-3
432.40 3.28523E-3 1.824041E-3 7.59444E-3
432.50 3.28121E-3 1.821808E-3 7.58514E-3
432.60 3.27173E-3 1.816542E-3 7.56322E-3
432.70 3.25965E-3 1.809836E-3 7.53530E-3
432.80 3.24958E-3 1.804244E-3 7.51201E-3
432.90 3.24707E-3 1.802853E-3 7.50622E-3
433.00 3.25747E-3 1.808625E-3 7.53025E-3
433.10 3.28596E-3 1.824442E-3 7.59611E-3
433.20 3.33655E-3 1.85253E-3 7.71306E-3
433.30 3.41263E-3 1.894775E-3 7.88894E-3
433.40 3.51601E-3 1.952175E-3 8.12793E-3
433.50 3.64247E-3 2.02238E-3 8.42024E-3
433.60 3.78276E-3 2.10028E-3 8.74456E-3
433.70 3.92432E-3 2.17888E-3 9.07180E-3
433.80 4.05224E-3 2.24990E-3 9.36752E-3
433.90 4.15106E-3 2.30477E-3 9.59596E-3
434.00 4.20979E-3 2.33738E-3 9.73173E-3
434.10 4.22868E-3 2.34787E-3 9.77539E-3
434.20 4.22281E-3 2.34460E-3 9.76181E-3
434.30 4.21765E-3 2.34174E-3 9.74990E-3
434.40 4.23928E-3 2.35375E-3 9.79988E-3
434.50 4.30516E-3 2.39033E-3 9.95220E-3
434.60 4.41896E-3 2.45351E-3 1.021527E-2
434.70 4.56791E-3 2.53621E-3 1.055959E-2
434.80 4.72557E-3 2.62375E-3 1.092403E-2
434.90 4.86320E-3 2.70017E-3 1.124221E-2
435.00 4.95950E-3 2.75363E-3 1.146481E-2
435.10 5.00637E-3 2.77965E-3 1.157316E-2
435.20 5.01033E-3 2.78186E-3 1.158233E-2
435.30 4.98705E-3 2.76893E-3 1.152849E-2
435.40 4.95381E-3 2.75047E-3 1.145167E-2
435.50 4.92460E-3 2.73426E-3 1.138414E-2
435.60 4.90659E-3 2.72426E-3 1.13425E-2
435.70 4.90094E-3 2.72112E-3 1.132945E-2
435.80 4.90492E-3 2.72333E-3 1.133865E-2
435.90 4.91346E-3 2.72807E-3 1.135838E-2
436.00 4.92081E-3 2.73215E-3 1.137537E-2
436.10 4.92251E-3 2.73310E-3 1.137931E-2
436.20 4.91673E-3 2.72988E-3 1.136594E-2
436.30 4.90334E-3 2.72245E-3 1.133499E-2
436.40 4.88247E-3 2.71087E-3 1.128675E-2
436.50 4.85499E-3 2.69561E-3 1.122322E-2
436.60 4.82354E-3 2.67814E-3 1.115051E-2
436.70 4.79156E-3 2.66039E-3 1.107658E-2
436.80 4.76096E-3 2.64340E-3 1.100586E-2
436.90 4.73287E-3 2.62780E-3 1.094092E-2
437.00 4.70702E-3 2.61345E-3 1.088117E-2
437.10 4.68290E-3 2.60006E-3 1.082541E-2
437.20 4.66113E-3 2.58797E-3 1.077508E-2
437.30 4.64195E-3 2.57732E-3 1.073074E-2
437.40 4.62569E-3 2.56829E-3 1.069315E-2
437.50 4.61342E-3 2.56148E-3 1.066478E-2
437.60 4.60594E-3 2.55733E-3 1.064749E-2
437.70 4.60342E-3 2.55593E-3 1.064168E-2
437.80 4.60545E-3 2.55706E-3 1.064637E-2
437.90 4.60979E-3 2.55947E-3 1.06564E-2
438.00 4.61422E-3 2.56193E-3 1.066664E-2
438.10 4.61693E-3 2.56343E-3 1.06729E-2
438.20 4.61684E-3 2.56338E-3 1.06727E-2
438.30 4.61473E-3 2.56221E-3 1.066782E-2
438.40 4.61234E-3 2.56088E-3 1.06623E-2
438.50 4.61061E-3 2.55992E-3 1.065829E-2
438.60 4.61004E-3 2.55960E-3 1.065698E-2
438.70 4.61067E-3 2.55995E-3 1.065843E-2
438.80 4.61223E-3 2.56082E-3 1.066204E-2
438.90 4.61389E-3 2.56174E-3 1.066587E-2
439.00 4.61417E-3 2.56190E-3 1.066652E-2
439.10 4.61280E-3 2.56114E-3 1.066336E-2
439.20 4.61220E-3 2.56080E-3 1.066196E-2
439.30 4.61747E-3 2.56373E-3 1.067414E-2
439.40 4.63252E-3 2.57208E-3 1.070893E-2
439.50 4.65823E-3 2.58636E-3 1.076838E-2
439.60 4.69155E-3 2.60486E-3 1.084539E-2
439.70 4.72303E-3 2.62234E-3 1.091817E-2
439.80 4.74285E-3 2.63334E-3 1.096398E-2
439.90 4.74828E-3 2.63636E-3 1.097654E-2
440.00 4.74773E-3 2.63605E-3 1.097527E-2
440.10 4.76275E-3 2.64439E-3 1.100998E-2
440.20 4.81574E-3 2.67381E-3 1.113249E-2
440.30 4.91714E-3 2.73011E-3 1.136689E-2
440.40 5.05967E-3 2.80925E-3 1.169639E-2
440.50 5.21668E-3 2.89642E-3 1.205933E-2
440.60 5.35394E-3 2.97263E-3 1.237664E-2
440.70 5.44409E-3 3.02269E-3 1.258505E-2
440.80 5.47953E-3 3.04237E-3 1.266697E-2
440.90 5.48133E-3 3.04336E-3 1.267112E-2
441.00 5.48875E-3 3.04748E-3 1.268828E-2
441.10 5.54105E-3 3.07652E-3 1.280919E-2
441.20 5.66104E-3 3.14315E-3 1.308657E-2
441.30 5.84935E-3 3.24770E-3 1.352187E-2
441.40 6.08581E-3 3.37899E-3 1.40685E-2
441.50 6.33347E-3 3.51649E-3 1.46410E-2
441.60 6.55473E-3 3.63934E-3 1.515249E-2
441.70 6.72339E-3 3.73298E-3 1.554237E-2
441.80 6.82590E-3 3.78990E-3 1.577935E-2
441.90 6.86816E-3 3.81337E-3 1.587705E-2
442.00 6.87171E-3 3.81534E-3 1.588526E-2
442.10 6.86401E-3 3.81106E-3 1.586746E-2
442.20 6.87244E-3 3.81574E-3 1.588694E-2
442.30 6.91369E-3 3.83865E-3 1.59823E-2
442.40 6.99194E-3 3.88209E-3 1.616319E-2
442.50 7.09848E-3 3.94125E-3 1.640948E-2
442.60 7.20968E-3 4.00298E-3 1.666653E-2
442.70 7.29849E-3 4.05230E-3 1.687184E-2
442.80 7.34707E-3 4.07927E-3 1.698414E-2
442.90 7.35452E-3 4.08340E-3 1.700135E-2
443.00 7.33884E-3 4.07470E-3 1.696512E-2
443.10 7.32507E-3 4.06705E-3 1.693327E-2
443.20 7.33455E-3 4.07232E-3 1.695519E-2
443.30 7.38046E-3 4.09781E-3 1.706132E-2
443.40 7.45956E-3 4.14173E-3 1.724418E-2
443.50 7.55024E-3 4.19207E-3 1.745379E-2
443.60 7.62332E-3 4.23265E-3 1.762274E-2
443.70 7.66217E-3 4.25422E-3 1.771254E-2
443.80 7.66982E-3 4.25847E-3 1.773023E-2
443.90 7.66269E-3 4.25451E-3 1.771374E-2
444.00 7.66096E-3 4.25355E-3 1.770975E-2
444.10 7.68439E-3 4.26656E-3 1.776392E-2
444.20 7.74592E-3 4.30072E-3 1.790615E-2
444.30 7.84161E-3 4.35385E-3 1.812735E-2
444.40 7.95066E-3 4.41439E-3 1.837944E-2
444.50 8.05175E-3 4.47052E-3 1.861314E-2
444.60 8.13294E-3 4.51560E-3 1.880082E-2
444.70 8.19233E-3 4.54858E-3 1.893811E-2
444.80 8.23245E-3 4.57085E-3 1.903085E-2
444.90 8.25579E-3 4.58381E-3 1.908482E-2
445.00 8.26685E-3 4.58995E-3 1.911037E-2
445.10 8.27088E-3 4.59219E-3 1.911968E-2
445.20 8.27179E-3 4.59269E-3 1.912179E-2
445.30 8.27165E-3 4.59262E-3 1.912148E-2
445.40 8.27148E-3 4.59253E-3 1.912109E-2
445.50 8.27304E-3 4.59339E-3 1.912469E-2
445.60 8.28039E-3 4.59747E-3 1.914168E-2
445.70 8.29926E-3 4.60795E-3 1.918529E-2
445.80 8.33669E-3 4.62873E-3 1.927183E-2
445.90 8.39868E-3 4.66315E-3 1.941513E-2
446.00 8.48502E-3 4.71108E-3 1.961471E-2
446.10 8.58848E-3 4.76853E-3 1.985388E-2
446.20 8.69514E-3 4.82775E-3 2.010046E-2
446.30 8.78794E-3 4.87928E-3 2.031499E-2
446.40 8.85382E-3 4.91585E-3 2.046727E-2
446.50 8.88776E-3 4.93470E-3 2.054574E-2
446.60 8.89504E-3 4.93874E-3 2.056255E-2
446.70 8.89021E-3 4.93606E-3 2.05514E-2
446.80 8.88908E-3 4.93543E-3 2.054879E-2
446.90 8.90046E-3 4.94175E-3 2.057509E-2
447.00 8.92466E-3 4.95518E-3 2.063102E-2
447.10 8.95704E-3 4.97316E-3 2.070587E-2
447.20 8.99015E-3 4.99155E-3 2.078242E-2
447.30 9.01562E-3 5.00569E-3 2.084131E-2
447.40 9.02886E-3 5.01304E-3 2.08719E-2
447.50 9.03026E-3 5.01382E-3 2.087515E-2
447.60 9.02381E-3 5.01024E-3 2.086024E-2
447.70 9.01458E-3 5.00511E-3 2.08389E-2
447.80 9.00585E-3 5.00026E-3 2.081872E-2
447.90 8.99849E-3 4.99617E-3 2.08017E-2
448.00 8.99294E-3 4.99310E-3 2.078888E-2
448.10 8.99043E-3 4.99170E-3 2.078308E-2
448.20 8.99232E-3 4.99275E-3 2.078744E-2
448.30 8.99935E-3 4.99665E-3 2.080368E-2
448.40 9.01166E-3 5.00349E-3 2.083214E-2
448.50 9.02859E-3 5.01289E-3 2.087127E-2
448.60 9.04650E-3 5.02283E-3 2.091268E-2
448.70 9.05587E-3 5.02803E-3 2.093434E-2
448.80 9.04425E-3 5.02158E-3 2.090748E-2
448.90 9.00122E-3 4.99769E-3 2.080801E-2
449.00 8.92154E-3 4.95345E-3 2.062383E-2
449.10 8.81276E-3 4.89306E-3 2.037236E-2
449.20 8.69690E-3 4.82873E-3 2.010452E-2
449.30 8.60342E-3 4.77682E-3 1.988841E-2
449.40 8.55736E-3 4.75125E-3 1.978196E-2
449.50 8.56953E-3 4.75801E-3 1.981007E-2
449.60 8.63052E-3 4.79187E-3 1.995107E-2
449.70 8.71337E-3 4.83787E-3 2.01426E-2
449.80 8.78596E-3 4.87817E-3 2.031039E-2
449.90 8.82469E-3 4.89968E-3 2.039992E-2
450.00 8.82254E-3 4.89849E-3 2.039497E-2
450.10 8.79283E-3 4.88199E-3 2.032627E-2
450.20 8.76048E-3 4.86403E-3 2.025149E-2
450.30 8.74539E-3 4.85565E-3 2.021661E-2
450.40 8.75407E-3 4.86047E-3 2.023668E-2
450.50 8.78111E-3 4.87548E-3 2.029918E-2
450.60 8.81452E-3 4.89403E-3 2.037643E-2
450.70 8.84239E-3 4.90951E-3 2.044086E-2
450.80 8.85552E-3 4.91680E-3 2.04712E-2
450.90 8.85284E-3 4.91531E-3 2.04650E-2
451.00 8.84368E-3 4.91022E-3 2.044383E-2
451.10 8.84099E-3 4.90873E-3 2.04376E-2
451.20 8.85288E-3 4.91533E-3 2.04651E-2
451.30 8.88161E-3 4.93128E-3 2.053151E-2
451.40 8.92403E-3 4.95484E-3 2.062958E-2
451.50 8.97362E-3 4.98237E-3 2.07442E-2
451.60 9.02034E-3 5.00831E-3 2.085221E-2
451.70 9.05264E-3 5.02624E-3 2.092688E-2
451.80 9.06436E-3 5.03275E-3 2.095398E-2
451.90 9.05763E-3 5.02901E-3 2.093841E-2
452.00 9.03957E-3 5.01898E-3 2.089666E-2
452.10 9.02175E-3 5.00909E-3 2.085546E-2
452.20 9.01780E-3 5.00690E-3 2.084635E-2
452.30 9.03799E-3 5.01811E-3 2.089302E-2
452.40 9.08527E-3 5.04436E-3 2.100231E-2
452.50 9.15353E-3 5.08226E-3 2.11601E-2
452.60 9.22973E-3 5.12457E-3 2.133625E-2
452.70 9.29667E-3 5.16173E-3 2.14910E-2
452.80 9.33901E-3 5.18524E-3 2.158889E-2
452.90 9.35397E-3 5.19355E-3 2.162347E-2
453.00 9.35321E-3 5.19312E-3 2.16217E-2
453.10 9.35480E-3 5.19401E-3 2.162538E-2
453.20 9.37963E-3 5.20779E-3 2.168277E-2
453.30 9.44826E-3 5.24590E-3 2.184142E-2
453.40 9.57314E-3 5.31523E-3 2.213011E-2
453.50 9.74309E-3 5.40960E-3 2.252299E-2
453.60 9.92187E-3 5.50886E-3 2.293626E-2
453.70 1.007417E-2 5.59342E-3 2.328835E-2
453.80 1.018394E-2 5.65437E-3 2.35421E-2
453.90 1.024749E-2 5.68965E-3 2.36890E-2
454.00 1.027017E-2 5.70224E-3 2.374142E-2
454.10 1.027001E-2 5.70215E-3 2.374105E-2
454.20 1.027726E-2 5.70618E-3 2.375781E-2
454.30 1.031935E-2 5.72955E-3 2.385512E-2
454.40 1.040137E-2 5.77509E-3 2.404472E-2
454.50 1.051263E-2 5.83686E-3 2.430191E-2
454.60 1.06425E-2 5.90897E-3 2.460214E-2
454.70 1.078136E-2 5.98607E-3 2.492314E-2
454.80 1.091657E-2 6.06114E-3 2.52357E-2
454.90 1.103309E-2 6.12583E-3 2.550506E-2
455.00 1.112026E-2 6.17423E-3 2.570657E-2
455.10 1.117855E-2 6.20660E-3 2.584131E-2
455.20 1.121574E-2 6.22725E-3 2.592729E-2
455.30 1.123766E-2 6.23941E-3 2.597795E-2
455.40 1.12468E-2 6.24449E-3 2.59991E-2
455.50 1.124782E-2 6.24506E-3 2.600146E-2
455.60 1.124853E-2 6.24545E-3 2.600309E-2
455.70 1.125661E-2 6.24994E-3 2.602178E-2
455.80 1.127704E-2 6.26128E-3 2.60690E-2
455.90 1.131239E-2 6.28091E-3 2.615071E-2
456.00 1.136176E-2 6.30832E-3 2.626485E-2
456.10 1.141924E-2 6.34023E-3 2.639771E-2
456.20 1.147625E-2 6.37189E-3 2.652952E-2
456.30 1.152668E-2 6.39989E-3 2.664608E-2
456.40 1.156808E-2 6.42287E-3 2.674178E-2
456.50 1.159822E-2 6.43961E-3 2.681147E-2
456.60 1.161381E-2 6.44826E-3 2.68475E-2
456.70 1.161476E-2 6.44879E-3 2.684971E-2
456.80 1.160273E-2 6.44211E-3 2.682188E-2
456.90 1.157925E-2 6.42908E-3 2.676762E-2
457.00 1.154633E-2 6.41080E-3 2.669152E-2
457.10 1.150776E-2 6.38938E-3 2.660235E-2
457.20 1.146907E-2 6.36790E-3 2.651292E-2
457.30 1.143314E-2 6.34795E-3 2.642986E-2
457.40 1.139865E-2 6.32880E-3 2.635011E-2
457.50 1.13651E-2 6.31018E-3 2.627257E-2
457.60 1.133382E-2 6.29281E-3 2.620025E-2
457.70 1.130637E-2 6.27757E-3 2.61368E-2
457.80 1.128476E-2 6.26557E-3 2.608684E-2
457.90 1.126964E-2 6.25717E-3 2.605189E-2
458.00 1.126029E-2 6.25198E-3 2.603028E-2
458.10 1.125637E-2 6.24981E-3 2.602123E-2
458.20 1.125676E-2 6.25002E-3 2.602212E-2
458.30 1.125881E-2 6.25116E-3 2.602686E-2
458.40 1.12594E-2 6.25149E-3 2.602823E-2
458.50 1.125458E-2 6.24881E-3 2.601708E-2
458.60 1.124056E-2 6.24103E-3 2.598467E-2
458.70 1.121412E-2 6.22635E-3 2.592355E-2
458.80 1.117153E-2 6.20270E-3 2.582509E-2
458.90 1.111004E-2 6.16856E-3 2.568294E-2
459.00 1.10273E-2 6.12262E-3 2.549167E-2
459.10 1.092129E-2 6.06376E-3 2.524662E-2
459.20 1.079505E-2 5.99367E-3 2.49548E-2
459.30 1.065557E-2 5.91623E-3 2.463235E-2
459.40 1.051285E-2 5.83698E-3 2.430242E-2
459.50 1.03802E-2 5.76333E-3 2.399577E-2
459.60 1.027279E-2 5.70370E-3 2.374748E-2
459.70 1.020285E-2 5.66486E-3 2.35858E-2
459.80 1.017253E-2 5.64803E-3 2.351572E-2
459.90 1.01691E-2 5.64613E-3 2.350779E-2
460.00 1.016879E-2 5.64596E-3 2.350707E-2
460.10 1.01461E-2 5.63336E-3 2.345463E-2
460.20 1.008191E-2 5.59771E-3 2.330622E-2
460.30 9.96933E-3 5.53521E-3 2.304597E-2
460.40 9.81763E-3 5.45098E-3 2.269529E-2
460.50 9.64998E-3 5.35790E-3 2.230774E-2
460.60 9.49279E-3 5.27063E-3 2.194438E-2
460.70 9.36709E-3 5.20083E-3 2.16538E-2
460.80 9.28205E-3 5.15362E-3 2.145721E-2
460.90 9.23502E-3 5.12750E-3 2.134848E-2
461.00 9.21589E-3 5.11688E-3 2.130427E-2
461.10 9.21199E-3 5.11472E-3 2.129524E-2
461.20 9.21238E-3 5.11493E-3 2.129615E-2
461.30 9.21118E-3 5.11427E-3 2.129338E-2
461.40 9.20713E-3 5.11202E-3 2.128402E-2
461.50 9.20121E-3 5.10873E-3 2.127032E-2
461.60 9.19495E-3 5.10526E-3 2.125586E-2
461.70 9.18928E-3 5.10211E-3 2.124274E-2
461.80 9.18466E-3 5.09954E-3 2.123206E-2
461.90 9.18091E-3 5.09746E-3 2.122339E-2
462.00 9.17747E-3 5.09555E-3 2.121546E-2
462.10 9.17415E-3 5.09370E-3 2.120776E-2
462.20 9.17055E-3 5.09171E-3 2.119945E-2
462.30 9.16593E-3 5.08914E-3 2.118877E-2
462.40 9.15988E-3 5.08578E-3 2.117479E-2
462.50 9.15265E-3 5.08177E-3 2.115808E-2
462.60 9.14411E-3 5.07703E-3 2.113834E-2
462.70 9.13494E-3 5.07193E-3 2.111713E-2
462.80 9.12691E-3 5.06748E-3 2.109857E-2
462.90 9.12062E-3 5.06398E-3 2.108402E-2
463.00 9.11617E-3 5.06151E-3 2.107374E-2
463.10 9.11355E-3 5.06006E-3 2.106768E-2
463.20 9.11290E-3 5.05970E-3 2.106617E-2
463.30 9.11514E-3 5.06094E-3 2.107135E-2
463.40 9.12074E-3 5.06405E-3 2.108431E-2
463.50 9.12892E-3 5.06860E-3 2.110323E-2
463.60 9.13800E-3 5.07363E-3 2.11242E-2
463.70 9.14558E-3 5.07784E-3 2.114172E-2
463.80 9.15088E-3 5.08079E-3 2.115398E-2
463.90 9.15375E-3 5.08238E-3 2.116062E-2
464.00 9.15299E-3 5.08196E-3 2.115886E-2
464.10 9.14770E-3 5.07902E-3 2.114663E-2
464.20 9.13882E-3 5.07409E-3 2.11261E-2
464.30 9.12823E-3 5.06821E-3 2.110162E-2
464.40 9.11729E-3 5.06214E-3 2.107633E-2
464.50 9.10706E-3 5.05646E-3 2.105268E-2
464.60 9.09923E-3 5.05211E-3 2.103459E-2
464.70 9.09508E-3 5.04980E-3 2.102499E-2
464.80 9.09424E-3 5.04934E-3 2.102304E-2
464.90 9.09391E-3 5.04915E-3 2.102228E-2
465.00 9.08851E-3 5.04616E-3 2.100981E-2
465.10 9.07376E-3 5.03797E-3 2.097569E-2
465.20 9.04886E-3 5.02414E-3 2.091815E-2
465.30 9.01715E-3 5.00654E-3 2.084484E-2
465.40 8.98771E-3 4.99019E-3 2.077678E-2
465.50 8.96974E-3 4.98021E-3 2.073524E-2
465.60 8.96562E-3 4.97792E-3 2.072571E-2
465.70 8.96674E-3 4.97855E-3 2.07283E-2
465.80 8.95172E-3 4.97021E-3 2.069358E-2
465.90 8.89856E-3 4.94069E-3 2.057069E-2
466.00 8.79695E-3 4.88428E-3 2.03358E-2
466.10 8.65432E-3 4.80509E-3 2.00061E-2
466.20 8.49807E-3 4.71833E-3 1.964489E-2
466.30 8.36295E-3 4.64331E-3 1.933254E-2
466.40 8.27591E-3 4.59498E-3 1.913133E-2
466.50 8.24355E-3 4.57701E-3 1.905651E-2
466.60 8.24355E-3 4.57702E-3 1.905653E-2
466.70 8.23586E-3 4.57275E-3 1.903874E-2
466.80 8.18162E-3 4.54263E-3 1.891335E-2
466.90 8.05913E-3 4.47462E-3 1.86302E-2
467.00 7.86928E-3 4.36921E-3 1.819133E-2
467.10 7.63389E-3 4.23852E-3 1.764718E-2
467.20 7.39009E-3 4.10315E-3 1.708358E-2
467.30 7.17431E-3 3.98335E-3 1.658477E-2
467.40 7.01114E-3 3.89275E-3 1.620756E-2
467.50 6.91232E-3 3.83789E-3 1.597914E-2
467.60 6.87181E-3 3.81540E-3 1.588549E-2
467.70 6.86870E-3 3.81367E-3 1.587829E-2
467.80 6.87626E-3 3.81786E-3 1.589577E-2
467.90 6.86877E-3 3.81370E-3 1.587844E-2
468.00 6.82945E-3 3.79187E-3 1.578756E-2
468.10 6.75131E-3 3.74849E-3 1.560693E-2
468.20 6.64037E-3 3.68689E-3 1.535046E-2
468.30 6.52015E-3 3.62014E-3 1.507255E-2
468.40 6.42091E-3 3.56504E-3 1.484315E-2
468.50 6.36446E-3 3.53370E-3 1.471265E-2
468.60 6.35440E-3 3.52812E-3 1.46894E-2
468.70 6.37610E-3 3.54016E-3 1.473955E-2
468.80 6.40577E-3 3.55664E-3 1.480814E-2
468.90 6.41755E-3 3.56318E-3 1.483538E-2
469.00 6.39186E-3 3.54891E-3 1.477598E-2
469.10 6.32682E-3 3.51280E-3 1.462564E-2
469.20 6.24182E-3 3.46560E-3 1.442913E-2
469.30 6.16729E-3 3.42422E-3 1.425684E-2
469.40 6.12212E-3 3.39915E-3 1.415243E-2
469.50 6.10598E-3 3.39018E-3 1.411512E-2
469.60 6.10562E-3 3.38999E-3 1.411429E-2
469.70 6.10246E-3 3.38823E-3 1.410698E-2
469.80 6.07737E-3 3.37430E-3 1.404899E-2
469.90 6.01740E-3 3.34101E-3 1.391036E-2
470.00 5.92572E-3 3.29010E-3 1.369841E-2
470.10 5.82284E-3 3.23298E-3 1.34606E-2
470.20 5.73017E-3 3.18153E-3 1.324637E-2
470.30 5.65945E-3 3.14226E-3 1.308287E-2
470.40 5.61273E-3 3.11632E-3 1.297489E-2
470.50 5.58681E-3 3.10193E-3 1.291497E-2
470.60 5.57695E-3 3.09646E-3 1.289217E-2
470.70 5.57687E-3 3.09641E-3 1.289199E-2
470.80 5.58046E-3 3.09840E-3 1.290028E-2
470.90 5.58363E-3 3.10016E-3 1.290761E-2
471.00 5.58518E-3 3.10102E-3 1.291119E-2
471.10 5.58540E-3 3.10115E-3 1.29117E-2
471.20 5.58374E-3 3.10023E-3 1.290787E-2
471.30 5.57702E-3 3.09649E-3 1.289232E-2
471.40 5.55944E-3 3.08674E-3 1.28517E-2
471.50 5.52356E-3 3.06681E-3 1.276876E-2
471.60 5.46310E-3 3.03324E-3 1.262898E-2
471.70 5.37780E-3 2.98588E-3 1.24318E-2
471.80 5.27447E-3 2.92851E-3 1.219294E-2
471.90 5.16741E-3 2.86907E-3 1.194545E-2
472.00 5.07448E-3 2.81747E-3 1.17306E-2
472.10 5.00901E-3 2.78112E-3 1.157927E-2
472.20 4.97515E-3 2.76232E-3 1.150101E-2
472.30 4.96612E-3 2.75731E-3 1.148013E-2
472.40 4.96614E-3 2.75732E-3 1.148016E-2
472.50 4.95853E-3 2.75310E-3 1.146258E-2
472.60 4.93366E-3 2.73928E-3 1.140508E-2
472.70 4.89134E-3 2.71579E-3 1.130725E-2
472.80 4.83835E-3 2.68637E-3 1.118475E-2
472.90 4.78483E-3 2.65665E-3 1.106102E-2
473.00 4.74037E-3 2.63197E-3 1.095826E-2
473.10 4.70973E-3 2.61496E-3 1.088743E-2
473.20 4.69262E-3 2.60546E-3 1.084788E-2
473.30 4.68535E-3 2.60142E-3 1.083107E-2
473.40 4.68323E-3 2.60024E-3 1.082617E-2
473.50 4.68319E-3 2.60022E-3 1.082608E-2
473.60 4.68361E-3 2.60045E-3 1.082705E-2
473.70 4.68354E-3 2.60041E-3 1.082689E-2
473.80 4.68244E-3 2.59980E-3 1.082433E-2
473.90 4.67930E-3 2.59806E-3 1.081709E-2
474.00 4.67261E-3 2.59434E-3 1.080161E-2
474.10 4.66018E-3 2.58744E-3 1.077289E-2
474.20 4.63930E-3 2.57585E-3 1.072461E-2
474.30 4.60926E-3 2.55917E-3 1.065516E-2
474.40 4.57329E-3 2.53920E-3 1.057202E-2
474.50 4.53698E-3 2.51904E-3 1.048808E-2
474.60 4.50808E-3 2.50299E-3 1.042128E-2
474.70 4.49298E-3 2.49461E-3 1.038637E-2
474.80 4.49036E-3 2.49315E-3 1.03803E-2
474.90 4.49031E-3 2.49313E-3 1.03802E-2
475.00 4.47585E-3 2.48510E-3 1.034677E-2
475.10 4.43250E-3 2.46103E-3 1.024656E-2
475.20 4.35800E-3 2.41967E-3 1.007434E-2
475.30 4.26366E-3 2.36729E-3 9.85625E-3
475.40 4.17054E-3 2.31558E-3 9.64099E-3
475.50 4.10022E-3 2.27654E-3 9.47843E-3
475.60 4.06348E-3 2.25614E-3 9.39350E-3
475.70 4.05722E-3 2.25266E-3 9.37903E-3
475.80 4.06281E-3 2.25577E-3 9.39195E-3
475.90 4.05541E-3 2.25166E-3 9.37484E-3
476.00 4.01934E-3 2.23163E-3 9.29145E-3
476.10 3.95457E-3 2.19567E-3 9.14174E-3
476.20 3.87321E-3 2.15050E-3 8.95366E-3
476.30 3.79250E-3 2.10569E-3 8.76707E-3
476.40 3.72726E-3 2.06946E-3 8.61625E-3
476.50 3.68732E-3 2.04729E-3 8.52393E-3
476.60 3.67327E-3 2.03949E-3 8.49145E-3
476.70 3.67479E-3 2.04033E-3 8.49496E-3
476.80 3.67801E-3 2.04212E-3 8.50241E-3
476.90 3.67302E-3 2.03935E-3 8.49087E-3
477.00 3.65566E-3 2.02971E-3 8.45074E-3
477.10 3.62683E-3 2.01370E-3 8.38409E-3
477.20 3.58957E-3 1.99301E-3 8.29796E-3
477.30 3.55084E-3 1.97151E-3 8.20844E-3
477.40 3.52018E-3 1.95449E-3 8.13756E-3
477.50 3.50304E-3 1.944972E-3 8.09794E-3
477.60 3.49870E-3 1.94256E-3 8.08790E-3
477.70 3.50171E-3 1.944235E-3 8.09487E-3
477.80 3.50304E-3 1.944974E-3 8.09795E-3
477.90 3.49363E-3 1.939745E-3 8.07618E-3
478.00 3.46646E-3 1.92466E-3 8.01337E-3
478.10 3.41872E-3 1.898152E-3 7.90300E-3
478.20 3.35523E-3 1.862902E-3 7.75624E-3
478.30 3.28778E-3 1.825456E-3 7.60033E-3
478.40 3.23333E-3 1.795224E-3 7.47446E-3
478.50 3.20663E-3 1.780396E-3 7.41272E-3
478.60 3.20900E-3 1.781711E-3 7.41820E-3
478.70 3.22774E-3 1.792119E-3 7.46153E-3
478.80 3.24392E-3 1.80110E-3 7.49893E-3
478.90 3.23478E-3 1.796027E-3 7.47780E-3
479.00 3.17857E-3 1.764819E-3 7.34787E-3
479.10 3.06260E-3 1.700427E-3 7.07977E-3
479.20 2.89792E-3 1.608992E-3 6.69908E-3
479.30 2.72141E-3 1.510989E-3 6.29104E-3
479.40 2.56954E-3 1.426668E-3 5.93997E-3
479.50 2.45916E-3 1.365387E-3 5.68482E-3
479.60 2.39423E-3 1.329335E-3 5.53472E-3
479.70 2.36981E-3 1.315774E-3 5.47826E-3
479.80 2.36851E-3 1.315053E-3 5.47526E-3
479.90 2.36071E-3 1.310721E-3 5.45722E-3
480.00 2.31861E-3 1.287347E-3 5.35990E-3
480.10 2.23667E-3 1.241852E-3 5.17048E-3
480.20 2.12614E-3 1.180483E-3 4.91497E-3
480.30 1.99838E-3 1.109546E-3 4.61962E-3
480.40 1.863803E-3 1.034828E-3 4.30853E-3
480.50 1.735803E-3 9.63759E-4 4.01263E-3
480.60 1.629144E-3 9.04539E-4 3.76607E-3
480.70 1.553764E-3 8.62687E-4 3.59182E-3
480.80 1.508102E-3 8.37334E-4 3.48626E-3
480.90 1.483208E-3 8.23512E-4 3.42871E-3
481.00 1.47224E-3 8.17423E-4 3.40336E-3
481.10 1.471463E-3 8.16991E-4 3.40156E-3
481.20 1.475742E-3 8.19367E-4 3.41145E-3
481.30 1.47772E-3 8.20465E-4 3.41603E-3
481.40 1.470298E-3 8.16345E-4 3.39887E-3
481.50 1.448262E-3 8.04110E-4 3.34793E-3
481.60 1.409024E-3 7.82324E-4 3.25722E-3
481.70 1.352931E-3 7.51180E-4 3.12756E-3
481.80 1.285039E-3 7.13484E-4 2.97061E-3
481.90 1.216654E-3 6.75515E-4 2.81252E-3
482.00 1.159823E-3 6.43961E-4 2.68115E-3
482.10 1.121261E-3 6.22551E-4 2.59201E-3
482.20 1.102699E-3 6.12245E-4 2.54910E-3
482.30 1.101084E-3 6.11348E-4 2.54536E-3
482.40 1.109274E-3 6.15895E-4 2.56429E-3
482.50 1.119911E-3 6.21801E-4 2.58888E-3
482.60 1.127566E-3 6.26052E-4 2.60658E-3
482.70 1.129762E-3 6.27271E-4 2.61166E-3
482.80 1.126794E-3 6.25623E-4 2.60480E-3
482.90 1.120374E-3 6.22058E-4 2.58996E-3
483.00 1.113418E-3 6.18196E-4 2.57388E-3
483.10 1.108673E-3 6.15562E-4 2.56291E-3
483.20 1.107214E-3 6.14752E-4 2.55953E-3
483.30 1.109277E-3 6.15897E-4 2.56430E-3
483.40 1.114746E-3 6.18934E-4 2.57695E-3
483.50 1.123002E-3 6.23517E-4 2.59603E-3
483.60 1.132986E-3 6.29061E-4 2.61911E-3
483.70 1.143342E-3 6.34811E-4 2.64305E-3
483.80 1.152561E-3 6.39929E-4 2.66436E-3
483.90 1.15956E-3 6.43815E-4 2.68054E-3
484.00 1.163809E-3 6.46175E-4 2.69036E-3
484.10 1.16462E-3 6.46625E-4 2.69224E-3
484.20 1.162118E-3 6.45236E-4 2.68645E-3
484.30 1.157856E-3 6.42869E-4 2.67660E-3
484.40 1.153574E-3 6.40492E-4 2.66670E-3
484.50 1.150693E-3 6.38892E-4 2.66004E-3
484.60 1.149615E-3 6.38294E-4 2.65755E-3
484.70 1.149629E-3 6.38301E-4 2.65758E-3
484.80 1.149903E-3 6.38453E-4 2.65822E-3
484.90 1.149662E-3 6.38320E-4 2.65766E-3
485.00 1.148437E-3 6.37640E-4 2.65483E-3
485.10 1.146523E-3 6.36577E-4 2.65040E-3
485.20 1.144766E-3 6.35601E-4 2.64634E-3
485.30 1.144115E-3 6.35240E-4 2.64484E-3
485.40 1.14499E-3 6.35726E-4 2.64686E-3
485.50 1.14711E-3 6.36903E-4 2.65176E-3
485.60 1.149978E-3 6.38495E-4 2.65839E-3
485.70 1.153245E-3 6.40309E-4 2.66594E-3
485.80 1.156425E-3 6.42075E-4 2.67329E-3
485.90 1.158903E-3 6.43451E-4 2.67902E-3
486.00 1.160294E-3 6.44223E-4 2.68224E-3
486.10 1.160361E-3 6.44260E-4 2.68239E-3
486.20 1.15948E-3 6.43771E-4 2.68036E-3
486.30 1.158791E-3 6.43388E-4 2.67876E-3
486.40 1.159113E-3 6.43567E-4 2.67951E-3
486.50 1.161376E-3 6.44824E-4 2.68474E-3
486.60 1.166522E-3 6.47681E-4 2.69664E-3
486.70 1.17517E-3 6.52482E-4 2.71663E-3
486.80 1.187446E-3 6.59298E-4 2.74501E-3
486.90 1.202433E-3 6.67620E-4 2.77965E-3
487.00 1.218609E-3 6.76601E-4 2.81704E-3
487.10 1.234354E-3 6.85343E-4 2.85344E-3
487.20 1.248436E-3 6.93161E-4 2.88599E-3
487.30 1.260045E-3 6.99607E-4 2.91283E-3
487.40 1.268948E-3 7.04550E-4 2.93341E-3
487.50 1.275074E-3 7.07951E-4 2.94757E-3
487.60 1.278571E-3 7.09893E-4 2.95566E-3
487.70 1.279967E-3 7.10668E-4 2.95888E-3
487.80 1.28001E-3 7.10692E-4 2.95898E-3
487.90 1.280297E-3 7.10851E-4 2.95965E-3
488.00 1.282911E-3 7.12303E-4 2.96569E-3
488.10 1.289621E-3 7.16028E-4 2.98120E-3
488.20 1.301326E-3 7.22527E-4 3.00826E-3
488.30 1.317629E-3 7.31579E-4 3.04595E-3
488.40 1.337578E-3 7.42655E-4 3.09206E-3
488.50 1.36010E-3 7.55160E-4 3.14413E-3
488.60 1.383088E-3 7.67924E-4 3.19727E-3
488.70 1.40409E-3 7.79584E-4 3.24582E-3
488.80 1.421176E-3 7.89071E-4 3.28532E-3
488.90 1.43222E-3 7.95203E-4 3.31085E-3
489.00 1.435703E-3 7.97137E-4 3.31890E-3
489.10 1.431516E-3 7.94812E-4 3.30922E-3
489.20 1.421052E-3 7.89002E-4 3.28503E-3
489.30 1.408122E-3 7.81823E-4 3.25514E-3
489.40 1.39753E-3 7.75942E-4 3.23065E-3
489.50 1.391583E-3 7.72640E-4 3.21691E-3
489.60 1.391134E-3 7.72391E-4 3.21587E-3
489.70 1.396961E-3 7.75626E-4 3.22934E-3
489.80 1.409134E-3 7.82385E-4 3.25748E-3
489.90 1.426642E-3 7.92106E-4 3.29795E-3
490.00 1.447417E-3 8.03640E-4 3.34598E-3
490.10 1.468775E-3 8.15499E-4 3.39535E-3
490.20 1.488556E-3 8.26482E-4 3.44108E-3
490.30 1.505598E-3 8.35944E-4 3.48047E-3
490.40 1.519354E-3 8.43582E-4 3.51227E-3
490.50 1.529453E-3 8.49189E-4 3.53562E-3
490.60 1.535604E-3 8.52604E-4 3.54984E-3
490.70 1.538281E-3 8.54090E-4 3.55603E-3
490.80 1.538639E-3 8.54289E-4 3.55685E-3
490.90 1.537764E-3 8.53803E-4 3.55483E-3
491.00 1.536457E-3 8.53078E-4 3.55181E-3
491.10 1.535696E-3 8.52655E-4 3.55005E-3
491.20 1.536441E-3 8.53069E-4 3.55177E-3
491.30 1.539262E-3 8.54635E-4 3.55829E-3
491.40 1.544124E-3 8.57334E-4 3.56953E-3
491.50 1.550427E-3 8.60834E-4 3.58410E-3
491.60 1.557606E-3 8.64820E-4 3.60070E-3
491.70 1.565444E-3 8.69172E-4 3.61882E-3
491.80 1.573921E-3 8.73879E-4 3.63841E-3
491.90 1.582829E-3 8.78825E-4 3.65901E-3
492.00 1.591642E-3 8.83718E-4 3.67938E-3
492.10 1.599605E-3 8.88139E-4 3.69779E-3
492.20 1.606513E-3 8.91974E-4 3.71376E-3
492.30 1.612749E-3 8.95437E-4 3.72817E-3
492.40 1.618567E-3 8.98667E-4 3.74162E-3
492.50 1.623783E-3 9.01563E-4 3.75368E-3
492.60 1.627943E-3 9.03873E-4 3.76330E-3
492.70 1.630228E-3 9.05142E-4 3.76858E-3
492.80 1.629794E-3 9.04900E-4 3.76757E-3
492.90 1.626546E-3 9.03097E-4 3.76007E-3
493.00 1.620497E-3 8.99738E-4 3.74608E-3
493.10 1.611779E-3 8.94898E-4 3.72593E-3
493.20 1.601679E-3 8.89290E-4 3.70258E-3
493.30 1.591556E-3 8.83670E-4 3.67918E-3
493.40 1.582696E-3 8.78750E-4 3.65870E-3
493.50 1.576314E-3 8.75207E-4 3.64395E-3
493.60 1.572732E-3 8.73218E-4 3.63567E-3
493.70 1.571637E-3 8.72611E-4 3.63314E-3
493.80 1.572462E-3 8.73068E-4 3.63504E-3
493.90 1.573373E-3 8.73574E-4 3.63715E-3
494.00 1.571418E-3 8.72488E-4 3.63263E-3
494.10 1.563457E-3 8.68069E-4 3.61422E-3
494.20 1.547754E-3 8.59350E-4 3.57792E-3
494.30 1.525035E-3 8.46736E-4 3.52541E-3
494.40 1.497256E-3 8.31312E-4 3.46119E-3
494.50 1.467427E-3 8.14750E-4 3.39223E-3
494.60 1.439891E-3 7.99462E-4 3.32858E-3
494.70 1.418294E-3 7.87471E-4 3.27865E-3
494.80 1.404224E-3 7.79659E-4 3.24613E-3
494.90 1.397521E-3 7.75937E-4 3.23063E-3
495.00 1.396178E-3 7.75191E-4 3.22753E-3
495.10 1.398182E-3 7.76304E-4 3.23216E-3
495.20 1.40185E-3 7.78341E-4 3.24064E-3
495.30 1.405613E-3 7.80430E-4 3.24934E-3
495.40 1.408539E-3 7.82055E-4 3.25610E-3
495.50 1.41010E-3 7.82921E-4 3.25971E-3
495.60 1.40995E-3 7.82838E-4 3.25936E-3
495.70 1.407947E-3 7.81726E-4 3.25473E-3
495.80 1.403567E-3 7.79294E-4 3.24461E-3
495.90 1.396266E-3 7.75240E-4 3.22773E-3
496.00 1.386066E-3 7.69577E-4 3.20415E-3
496.10 1.373016E-3 7.62331E-4 3.17398E-3
496.20 1.35816E-3 7.54083E-4 3.13964E-3
496.30 1.344089E-3 7.46270E-4 3.10711E-3
496.40 1.332786E-3 7.39995E-4 3.08099E-3
496.50 1.325045E-3 7.35696E-4 3.06309E-3
496.60 1.321056E-3 7.33482E-4 3.05387E-3
496.70 1.320031E-3 7.32913E-4 3.05150E-3
496.80 1.320418E-3 7.33127E-4 3.05239E-3
496.90 1.320665E-3 7.33265E-4 3.05297E-3
497.00 1.319785E-3 7.32776E-4 3.05093E-3
497.10 1.317893E-3 7.31726E-4 3.04656E-3
497.20 1.315773E-3 7.30548E-4 3.04166E-3
497.30 1.314392E-3 7.29782E-4 3.03846E-3
497.40 1.314867E-3 7.30046E-4 3.03956E-3
497.50 1.317944E-3 7.31754E-4 3.04668E-3
497.60 1.323429E-3 7.34799E-4 3.05936E-3
497.70 1.330435E-3 7.38689E-4 3.07555E-3
497.80 1.337606E-3 7.42671E-4 3.09213E-3
497.90 1.343687E-3 7.46047E-4 3.10618E-3
498.00 1.347852E-3 7.48360E-4 3.11581E-3
498.10 1.349914E-3 7.49504E-4 3.12058E-3
498.20 1.350255E-3 7.49694E-4 3.12137E-3
498.30 1.350023E-3 7.49565E-4 3.12083E-3
498.40 1.350608E-3 7.49890E-4 3.12218E-3
498.50 1.353149E-3 7.51301E-4 3.12806E-3
498.60 1.358146E-3 7.54075E-4 3.13961E-3
498.70 1.365409E-3 7.58107E-4 3.15640E-3
498.80 1.374125E-3 7.62947E-4 3.17655E-3
498.90 1.382896E-3 7.67817E-4 3.19682E-3
499.00 1.390003E-3 7.71763E-4 3.21325E-3
499.10 1.394424E-3 7.74217E-4 3.22347E-3
499.20 1.396143E-3 7.75172E-4 3.22745E-3
499.30 1.395993E-3 7.75089E-4 3.22710E-3
499.40 1.395627E-3 7.74885E-4 3.22625E-3
499.50 1.397011E-3 7.75654E-4 3.22945E-3
499.60 1.40202E-3 7.78435E-4 3.24103E-3
499.70 1.411698E-3 7.83809E-4 3.26341E-3
499.80 1.425508E-3 7.91476E-4 3.29533E-3
499.90 1.441791E-3 8.00517E-4 3.33297E-3
500.00 1.458547E-3 8.09820E-4 3.37170E-3
