400.00 1.678061E-4 1.220912E-4 2.45198E-4
400.10 1.690977E-4 1.23031E-4 2.47085E-4
400.20 1.691774E-4 1.23089E-4 2.47202E-4
400.30 1.70149E-4 1.237959E-4 2.48621E-4
400.40 1.705461E-4 1.240848E-4 2.49202E-4
400.50 1.700996E-4 1.23760E-4 2.48549E-4
400.60 1.697356E-4 1.234951E-4 2.48017E-4
400.70 1.695671E-4 1.233725E-4 2.47771E-4
400.80 1.673368E-4 1.217498E-4 2.44512E-4
400.90 1.692798E-4 1.231635E-4 2.47351E-4
401.00 1.712659E-4 1.246085E-4 2.50253E-4
401.10 1.686065E-4 1.226736E-4 2.46367E-4
401.20 1.698907E-4 1.23608E-4 2.48244E-4
401.30 1.708117E-4 1.24278E-4 2.49590E-4
401.40 1.703469E-4 1.239399E-4 2.48911E-4
401.50 1.707378E-4 1.242243E-4 2.49482E-4
401.60 1.708687E-4 1.243195E-4 2.49673E-4
401.70 1.727927E-4 1.257194E-4 2.52484E-4
401.80 1.730404E-4 1.258996E-4 2.52846E-4
401.90 1.729874E-4 1.258611E-4 2.52769E-4
402.00 1.726219E-4 1.255951E-4 2.52235E-4
402.10 1.731794E-4 1.260008E-4 2.53049E-4
402.20 1.737953E-4 1.264489E-4 2.53949E-4
402.30 1.735643E-4 1.262808E-4 2.53612E-4
402.40 1.766842E-4 1.285507E-4 2.58170E-4
402.50 1.785353E-4 1.298975E-4 2.60875E-4
402.60 1.783628E-4 1.29772E-4 2.60623E-4
402.70 1.787178E-4 1.300303E-4 2.61142E-4
402.80 1.781646E-4 1.296278E-4 2.60334E-4
402.90 1.776113E-4 1.292253E-4 2.59525E-4
403.00 1.784969E-4 1.298696E-4 2.60819E-4
403.10 1.804677E-4 1.313035E-4 2.63699E-4
403.20 1.809238E-4 1.316353E-4 2.64365E-4
403.30 1.806851E-4 1.314617E-4 2.64017E-4
403.40 1.803446E-4 1.31214E-4 2.63519E-4
403.50 1.802052E-4 1.311125E-4 2.63315E-4
403.60 1.79414E-4 1.305369E-4 2.62159E-4
403.70 1.810125E-4 1.316999E-4 2.64495E-4
403.80 1.813825E-4 1.319691E-4 2.65036E-4
403.90 1.817746E-4 1.322543E-4 2.65609E-4
404.00 1.822272E-4 1.325837E-4 2.66270E-4
404.10 1.818969E-4 1.323434E-4 2.65787E-4
404.20 1.796105E-4 1.306798E-4 2.62446E-4
404.30 1.786054E-4 1.299485E-4 2.60978E-4
404.40 1.786192E-4 1.299586E-4 2.60998E-4
404.50 1.770816E-4 1.288399E-4 2.58751E-4
404.60 1.767401E-4 1.285914E-4 2.58252E-4
404.70 1.781271E-4 1.296005E-4 2.60279E-4
404.80 1.777578E-4 1.293318E-4 2.59739E-4
404.90 1.784805E-4 1.298576E-4 2.60795E-4
405.00 1.792089E-4 1.303876E-4 2.61860E-4
405.10 1.793985E-4 1.305256E-4 2.62137E-4
405.20 1.789735E-4 1.302163E-4 2.61516E-4
405.30 1.793329E-4 1.304778E-4 2.62041E-4
405.40 1.791029E-4 1.303105E-4 2.61705E-4
405.50 1.794281E-4 1.305471E-4 2.62180E-4
405.60 1.793438E-4 1.304858E-4 2.62057E-4
405.70 1.801303E-4 1.31058E-4 2.63206E-4
405.80 1.801088E-4 1.310424E-4 2.63175E-4
405.90 1.809072E-4 1.316233E-4 2.64341E-4
406.00 1.811763E-4 1.318191E-4 2.64734E-4
406.10 1.813775E-4 1.319654E-4 2.65028E-4
406.20 1.823284E-4 1.326573E-4 2.66418E-4
406.30 1.825029E-4 1.327842E-4 2.66673E-4
406.40 1.824926E-4 1.327768E-4 2.66658E-4
406.50 1.823155E-4 1.326479E-4 2.66399E-4
406.60 1.811564E-4 1.318046E-4 2.64705E-4
406.70 1.812649E-4 1.318836E-4 2.64864E-4
406.80 1.810634E-4 1.317369E-4 2.64569E-4
406.90 1.810073E-4 1.316961E-4 2.64487E-4
407.00 1.810493E-4 1.317266E-4 2.64549E-4
407.10 1.811081E-4 1.317694E-4 2.64635E-4
407.20 1.801997E-4 1.311085E-4 2.63307E-4
407.30 1.760855E-4 1.281151E-4 2.57296E-4
407.40 1.762191E-4 1.282124E-4 2.57491E-4
407.50 1.73514E-4 1.262442E-4 2.53538E-4
407.60 1.714871E-4 1.247695E-4 2.50577E-4
407.70 1.738946E-4 1.265211E-4 2.54094E-4
407.80 1.74756E-4 1.271478E-4 2.55353E-4
407.90 1.744927E-4 1.269562E-4 2.54968E-4
408.00 1.775993E-4 1.292165E-4 2.59508E-4
408.10 1.770939E-4 1.288488E-4 2.58769E-4
408.20 1.760033E-4 1.280554E-4 2.57176E-4
408.30 1.76278E-4 1.282552E-4 2.57577E-4
408.40 1.768382E-4 1.286628E-4 2.58396E-4
408.50 1.767519E-4 1.28600E-4 2.58269E-4
408.60 1.771992E-4 1.289255E-4 2.58923E-4
408.70 1.786917E-4 1.300113E-4 2.61104E-4
408.80 1.782517E-4 1.296912E-4 2.60461E-4
408.90 1.782521E-4 1.296915E-4 2.60461E-4
409.00 1.786971E-4 1.300152E-4 2.61112E-4
409.10 1.787044E-4 1.300206E-4 2.61122E-4
409.20 1.803724E-4 1.312342E-4 2.63560E-4
409.30 1.80379E-4 1.31239E-4 2.63569E-4
409.40 1.808652E-4 1.315927E-4 2.64280E-4
409.50 1.811378E-4 1.317911E-4 2.64678E-4
409.60 1.823841E-4 1.326978E-4 2.66499E-4
409.70 1.822104E-4 1.325715E-4 2.66245E-4
409.80 1.853893E-4 1.348843E-4 2.70890E-4
409.90 1.854019E-4 1.348935E-4 2.70909E-4
410.00 1.861435E-4 1.354331E-4 2.71992E-4
410.10 1.893003E-4 1.377298E-4 2.76605E-4
410.20 1.887101E-4 1.373004E-4 2.75743E-4
410.30 1.885682E-4 1.371972E-4 2.75535E-4
410.40 1.87493E-4 1.364149E-4 2.73964E-4
410.50 1.878755E-4 1.366932E-4 2.74523E-4
410.60 1.860716E-4 1.353808E-4 2.71887E-4
410.70 1.860651E-4 1.35376E-4 2.71878E-4
410.80 1.884129E-4 1.370842E-4 2.75308E-4
410.90 1.961733E-4 1.427305E-4 2.86648E-4
411.00 1.963578E-4 1.428647E-4 2.86918E-4
411.10 2.002776E-4 1.457167E-4 2.92645E-4
411.20 2.052929E-4 1.493656E-4 2.99973E-4
411.30 2.052919E-4 1.493649E-4 2.99972E-4
411.40 2.043636E-4 1.486896E-4 2.98616E-4
411.50 2.038091E-4 1.482861E-4 2.97805E-4
411.60 2.039892E-4 1.484171E-4 2.98068E-4
411.70 2.060128E-4 1.498895E-4 3.01025E-4
411.80 2.082122E-4 1.514896E-4 3.04239E-4
411.90 2.08435E-4 1.516518E-4 3.04565E-4
412.00 2.094044E-4 1.523571E-4 3.05981E-4
412.10 2.134017E-4 1.552654E-4 3.11822E-4
412.20 2.142082E-4 1.558522E-4 3.13000E-4
412.30 2.153987E-4 1.567184E-4 3.14740E-4
412.40 2.164814E-4 1.575061E-4 3.16322E-4
412.50 2.164805E-4 1.575054E-4 3.16321E-4
412.60 2.164813E-4 1.57506E-4 3.16322E-4
412.70 2.163843E-4 1.574354E-4 3.16180E-4
412.80 2.156415E-4 1.56895E-4 3.15095E-4
412.90 2.166597E-4 1.576358E-4 3.16583E-4
413.00 2.168876E-4 1.578017E-4 3.16916E-4
413.10 2.209559E-4 1.607616E-4 3.22860E-4
413.20 2.242851E-4 1.631839E-4 3.27725E-4
413.30 2.251814E-4 1.63836E-4 3.29034E-4
413.40 2.282206E-4 1.660472E-4 3.33475E-4
413.50 2.274972E-4 1.655209E-4 3.32418E-4
413.60 2.276428E-4 1.656269E-4 3.32631E-4
413.70 2.266755E-4 1.64923E-4 3.31218E-4
413.80 2.263853E-4 1.647119E-4 3.30794E-4
413.90 2.251316E-4 1.637998E-4 3.28962E-4
414.00 2.245832E-4 1.634008E-4 3.28160E-4
414.10 2.229371E-4 1.622031E-4 3.25755E-4
414.20 2.16352E-4 1.574119E-4 3.16133E-4
414.30 2.145889E-4 1.561292E-4 3.13557E-4
414.40 2.141973E-4 1.558443E-4 3.12985E-4
414.50 2.107856E-4 1.53362E-4 3.07999E-4
414.60 2.100111E-4 1.527985E-4 3.06868E-4
414.70 2.104695E-4 1.53132E-4 3.07538E-4
414.80 2.105455E-4 1.531873E-4 3.07648E-4
414.90 2.125809E-4 1.546682E-4 3.10623E-4
415.00 2.13900E-4 1.55628E-4 3.12550E-4
415.10 2.139445E-4 1.556603E-4 3.12615E-4
415.20 2.137174E-4 1.554951E-4 3.12283E-4
415.30 2.137147E-4 1.554931E-4 3.12279E-4
415.40 2.134178E-4 1.552771E-4 3.11846E-4
415.50 2.185386E-4 1.590029E-4 3.19328E-4
415.60 2.184793E-4 1.589597E-4 3.19241E-4
415.70 2.19604E-4 1.59778E-4 3.20885E-4
415.80 2.21672E-4 1.612826E-4 3.23907E-4
415.90 2.217148E-4 1.613138E-4 3.23969E-4
416.00 2.20868E-4 1.606977E-4 3.22732E-4
416.10 2.206357E-4 1.605287E-4 3.22392E-4
416.20 2.262316E-4 1.646001E-4 3.30569E-4
416.30 2.382599E-4 1.733516E-4 3.48145E-4
416.40 2.387085E-4 1.73678E-4 3.48800E-4
416.50 2.57414E-4 1.872873E-4 3.76132E-4
416.60 2.66993E-4 1.942573E-4 3.90130E-4
416.70 2.65983E-4 1.935219E-4 3.88653E-4
416.80 2.66868E-4 1.941664E-4 3.89947E-4
416.90 2.69244E-4 1.958948E-4 3.93419E-4
417.00 2.68776E-4 1.955542E-4 3.92735E-4
417.10 2.68079E-4 1.950473E-4 3.91717E-4
417.20 2.71070E-4 1.972234E-4 3.96087E-4
417.30 2.73701E-4 1.991376E-4 3.99931E-4
417.40 2.75330E-4 2.00323E-4 4.02312E-4
417.50 2.81585E-4 2.04874E-4 4.11452E-4
417.60 2.82032E-4 2.051987E-4 4.12104E-4
417.70 2.82005E-4 2.051797E-4 4.12066E-4
417.80 2.82123E-4 2.052651E-4 4.12237E-4
417.90 2.81919E-4 2.051165E-4 4.11939E-4
418.00 2.82089E-4 2.052406E-4 4.12188E-4
418.10 2.80778E-4 2.042863E-4 4.10272E-4
418.20 2.80095E-4 2.037897E-4 4.09274E-4
418.30 2.80078E-4 2.037774E-4 4.09249E-4
418.40 2.80784E-4 2.042911E-4 4.10281E-4
418.50 2.81425E-4 2.047577E-4 4.11218E-4
418.60 2.81580E-4 2.048698E-4 4.11443E-4
418.70 2.81418E-4 2.047525E-4 4.11208E-4
418.80 2.79807E-4 2.035798E-4 4.08853E-4
418.90 2.79894E-4 2.036436E-4 4.08981E-4
419.00 2.79791E-4 2.035685E-4 4.08830E-4
419.10 2.79509E-4 2.03363E-4 4.08417E-4
419.20 2.80457E-4 2.040533E-4 4.09804E-4
419.30 2.80172E-4 2.038459E-4 4.09387E-4
419.40 2.80221E-4 2.038811E-4 4.09458E-4
419.50 2.80235E-4 2.038917E-4 4.09479E-4
419.60 2.81994E-4 2.051714E-4 4.12049E-4
419.70 2.81835E-4 2.050559E-4 4.11817E-4
419.80 2.86402E-4 2.083781E-4 4.18489E-4
419.90 2.85023E-4 2.073752E-4 4.16475E-4
420.00 2.83476E-4 2.062496E-4 4.14214E-4
420.10 2.86333E-4 2.08328E-4 4.18389E-4
420.20 2.84461E-4 2.069662E-4 4.15654E-4
420.30 2.87157E-4 2.089278E-4 4.19593E-4
420.40 2.87158E-4 2.089287E-4 4.19595E-4
420.50 2.89068E-4 2.10318E-4 4.22385E-4
420.60 2.89558E-4 2.106744E-4 4.23101E-4
420.70 2.89647E-4 2.107393E-4 4.23231E-4
420.80 2.89378E-4 2.105435E-4 4.22838E-4
420.90 2.90299E-4 2.112142E-4 4.24185E-4
421.00 2.90252E-4 2.11180E-4 4.24116E-4
421.10 2.91632E-4 2.121834E-4 4.26131E-4
421.20 2.91767E-4 2.12282E-4 4.26329E-4
421.30 2.93283E-4 2.133852E-4 4.28545E-4
421.40 2.94251E-4 2.14089E-4 4.29958E-4
421.50 2.94265E-4 2.140997E-4 4.29980E-4
421.60 2.93848E-4 2.137959E-4 4.29370E-4
421.70 2.93817E-4 2.137733E-4 4.29324E-4
421.80 2.93629E-4 2.136366E-4 4.29050E-4
421.90 2.92977E-4 2.131622E-4 4.28097E-4
422.00 2.93227E-4 2.133445E-4 4.28463E-4
422.10 2.96279E-4 2.155647E-4 4.32922E-4
422.20 2.96179E-4 2.15492E-4 4.32776E-4
422.30 2.99328E-4 2.177829E-4 4.37377E-4
422.40 3.02445E-4 2.200509E-4 4.41932E-4
422.50 3.02246E-4 2.199062E-4 4.41641E-4
422.60 3.01757E-4 2.195504E-4 4.40927E-4
422.70 3.03600E-4 2.208914E-4 4.43620E-4
422.80 3.05407E-4 2.22206E-4 4.46260E-4
422.90 3.06746E-4 2.231804E-4 4.48217E-4
423.00 3.11261E-4 2.26465E-4 4.54813E-4
423.10 3.11261E-4 2.264653E-4 4.54814E-4
423.20 3.12120E-4 2.270901E-4 4.56069E-4
423.30 3.11991E-4 2.269963E-4 4.55880E-4
423.40 3.10958E-4 2.262448E-4 4.54371E-4
423.50 3.09870E-4 2.25453E-4 4.52781E-4
423.60 3.09656E-4 2.252972E-4 4.52468E-4
423.70 3.05406E-4 2.22205E-4 4.46258E-4
423.80 3.04864E-4 2.218111E-4 4.45467E-4
423.90 3.03954E-4 2.211491E-4 4.44137E-4
424.00 3.06314E-4 2.228662E-4 4.47586E-4
424.10 3.07124E-4 2.234554E-4 4.48769E-4
424.20 3.07680E-4 2.238598E-4 4.49581E-4
424.30 3.09404E-4 2.251143E-4 4.52101E-4
424.40 3.09578E-4 2.252405E-4 4.52354E-4
424.50 3.08994E-4 2.24816E-4 4.51502E-4
424.60 3.08397E-4 2.243815E-4 4.50629E-4
424.70 3.08982E-4 2.248067E-4 4.51483E-4
424.80 3.09778E-4 2.253862E-4 4.52647E-4
424.90 3.13405E-4 2.280255E-4 4.57947E-4
425.00 3.13460E-4 2.280651E-4 4.58027E-4
425.10 3.14125E-4 2.285487E-4 4.58998E-4
425.20 3.13300E-4 2.279485E-4 4.57793E-4
425.30 3.12971E-4 2.277097E-4 4.57313E-4
425.40 3.12569E-4 2.274166E-4 4.56724E-4
425.50 3.12805E-4 2.275885E-4 4.57070E-4
425.60 3.12801E-4 2.27586E-4 4.57065E-4
425.70 3.20730E-4 2.333549E-4 4.68650E-4
425.80 3.24496E-4 2.360946E-4 4.74153E-4
425.90 3.25432E-4 2.367758E-4 4.75521E-4
426.00 3.26035E-4 2.372145E-4 4.76402E-4
426.10 3.25754E-4 2.37010E-4 4.75991E-4
426.20 3.32087E-4 2.416177E-4 4.85245E-4
426.30 3.45817E-4 2.51607E-4 5.05306E-4
426.40 3.46660E-4 2.52221E-4 5.06539E-4
426.50 3.84840E-4 2.80000E-4 5.62328E-4
426.60 4.10476E-4 2.98652E-4 5.99787E-4
426.70 4.07876E-4 2.96760E-4 5.95988E-4
426.80 4.26949E-4 3.10637E-4 6.23857E-4
426.90 4.30592E-4 3.13287E-4 6.29180E-4
427.00 4.30645E-4 3.13326E-4 6.29257E-4
427.10 4.29701E-4 3.12639E-4 6.27878E-4
427.20 4.43289E-4 3.22525E-4 6.47733E-4
427.30 4.50959E-4 3.28106E-4 6.58941E-4
427.40 4.55556E-4 3.31450E-4 6.65657E-4
427.50 4.93048E-4 3.58728E-4 7.20440E-4
427.60 5.02869E-4 3.65874E-4 7.34791E-4
427.70 5.05975E-4 3.68134E-4 7.39330E-4
427.80 5.15168E-4 3.74823E-4 7.52762E-4
427.90 5.18041E-4 3.76913E-4 7.56961E-4
428.00 5.18663E-4 3.77366E-4 7.57869E-4
428.10 5.15945E-4 3.75388E-4 7.53897E-4
428.20 5.20064E-4 3.78385E-4 7.59916E-4
428.30 5.22435E-4 3.80109E-4 7.63380E-4
428.40 5.29716E-4 3.85407E-4 7.74019E-4
428.50 5.43149E-4 3.95181E-4 7.93648E-4
428.60 5.43881E-4 3.95714E-4 7.94718E-4
428.70 5.54621E-4 4.03528E-4 8.10411E-4
428.80 5.52767E-4 4.02179E-4 8.07702E-4
428.90 5.54826E-4 4.03677E-4 8.10711E-4
429.00 5.54972E-4 4.03783E-4 8.10924E-4
429.10 5.56205E-4 4.04680E-4 8.12726E-4
429.20 5.60534E-4 4.07829E-4 8.19050E-4
429.30 5.60237E-4 4.07614E-4 8.18617E-4
429.40 5.62684E-4 4.09394E-4 8.22193E-4
429.50 5.72395E-4 4.16459E-4 8.36382E-4
429.60 5.72109E-4 4.16252E-4 8.35965E-4
429.70 5.72369E-4 4.16440E-4 8.36344E-4
429.80 5.73527E-4 4.17283E-4 8.38037E-4
429.90 5.73257E-4 4.17087E-4 8.37642E-4
430.00 5.75790E-4 4.18929E-4 8.41342E-4
430.10 5.81135E-4 4.22819E-4 8.49154E-4
430.20 5.92095E-4 4.30792E-4 8.65167E-4
430.30 6.03618E-4 4.39176E-4 8.82004E-4
430.40 6.03619E-4 4.39177E-4 8.82007E-4
430.50 6.37872E-4 4.64098E-4 9.32056E-4
430.60 6.71709E-4 4.88718E-4 9.81500E-4
430.70 6.76355E-4 4.92098E-4 9.88288E-4
430.80 6.80693E-4 4.95254E-4 9.94627E-4
430.90 6.93973E-4 5.04916E-4 1.014031E-3
431.00 6.97844E-4 5.07733E-4 1.019688E-3
431.10 6.97945E-4 5.07806E-4 1.019836E-3
431.20 6.98027E-4 5.07866E-4 1.019956E-3
431.30 6.98190E-4 5.07984E-4 1.020193E-3
431.40 7.05233E-4 5.13109E-4 1.030485E-3
431.50 7.06493E-4 5.14026E-4 1.032326E-3
431.60 7.15795E-4 5.20794E-4 1.045918E-3
431.70 7.29938E-4 5.31083E-4 1.066583E-3
431.80 7.30693E-4 5.31632E-4 1.067686E-3
431.90 7.30341E-4 5.31377E-4 1.067173E-3
432.00 7.30064E-4 5.31175E-4 1.066768E-3
432.10 7.30076E-4 5.31184E-4 1.066786E-3
432.20 7.37083E-4 5.36282E-4 1.077023E-3
432.30 7.67258E-4 5.58237E-4 1.121116E-3
432.40 7.71342E-4 5.61208E-4 1.127083E-3
432.50 7.84350E-4 5.70672E-4 1.14609E-3
432.60 8.02441E-4 5.83834E-4 1.172524E-3
432.70 8.05147E-4 5.85804E-4 1.176479E-3
432.80 8.05269E-4 5.85892E-4 1.176657E-3
432.90 8.05516E-4 5.86072E-4 1.177018E-3
433.00 8.07125E-4 5.87243E-4 1.179369E-3
433.10 8.16500E-4 5.94064E-4 1.193068E-3
433.20 8.24174E-4 5.99647E-4 1.20428E-3
433.30 8.24611E-4 5.99965E-4 1.204919E-3
433.40 8.25624E-4 6.00702E-4 1.206399E-3
433.50 8.32213E-4 6.05496E-4 1.216027E-3
433.60 8.32087E-4 6.05404E-4 1.215843E-3
433.70 8.31719E-4 6.05137E-4 1.215306E-3
433.80 8.33455E-4 6.06400E-4 1.217842E-3
433.90 8.35486E-4 6.07877E-4 1.22081E-3
434.00 8.41313E-4 6.12117E-4 1.229324E-3
434.10 8.39606E-4 6.10875E-4 1.22683E-3
434.20 8.41677E-4 6.12382E-4 1.229857E-3
434.30 8.40202E-4 6.11309E-4 1.227702E-3
434.40 8.42821E-4 6.13214E-4 1.231528E-3
434.50 8.42808E-4 6.13205E-4 1.231509E-3
434.60 8.47456E-4 6.16586E-4 1.23830E-3
434.70 8.51164E-4 6.19284E-4 1.243719E-3
434.80 8.51101E-4 6.19238E-4 1.243626E-3
434.90 8.49821E-4 6.18307E-4 1.241756E-3
435.00 8.50128E-4 6.18531E-4 1.242205E-3
435.10 8.50704E-4 6.18949E-4 1.243046E-3
435.20 8.50445E-4 6.18761E-4 1.242668E-3
435.30 8.49031E-4 6.17733E-4 1.240603E-3
435.40 8.49218E-4 6.17869E-4 1.240876E-3
435.50 8.46329E-4 6.15767E-4 1.236654E-3
435.60 8.45042E-4 6.14830E-4 1.234774E-3
435.70 8.51963E-4 6.19865E-4 1.244886E-3
435.80 8.53009E-4 6.20627E-4 1.246415E-3
435.90 8.56450E-4 6.23130E-4 1.251442E-3
436.00 8.61355E-4 6.26699E-4 1.258609E-3
436.10 8.61346E-4 6.26692E-4 1.258596E-3
436.20 8.60845E-4 6.26328E-4 1.257865E-3
436.30 8.60826E-4 6.26314E-4 1.257837E-3
436.40 8.61139E-4 6.26542E-4 1.258295E-3
436.50 8.62715E-4 6.27689E-4 1.260598E-3
436.60 8.61569E-4 6.26855E-4 1.258922E-3
436.70 8.63431E-4 6.28209E-4 1.261643E-3
436.80 8.75722E-4 6.37152E-4 1.279602E-3
436.90 8.71004E-4 6.33719E-4 1.272709E-3
437.00 8.78923E-4 6.39481E-4 1.284281E-3
437.10 8.81262E-4 6.41183E-4 1.287697E-3
437.20 8.81414E-4 6.41294E-4 1.287921E-3
437.30 8.81875E-4 6.41629E-4 1.288594E-3
437.40 8.78097E-4 6.38880E-4 1.283073E-3
437.50 8.75903E-4 6.37284E-4 1.279867E-3
437.60 8.76686E-4 6.37853E-4 1.281011E-3
437.70 8.75884E-4 6.37270E-4 1.279839E-3
437.80 8.72625E-4 6.34898E-4 1.275077E-3
437.90 8.71466E-4 6.34056E-4 1.273384E-3
438.00 8.70282E-4 6.33194E-4 1.271654E-3
438.10 8.69892E-4 6.32911E-4 1.271084E-3
438.20 8.69897E-4 6.32914E-4 1.271091E-3
438.30 8.72880E-4 6.35084E-4 1.27545E-3
438.40 8.72979E-4 6.35156E-4 1.275594E-3
438.50 8.75182E-4 6.36759E-4 1.278814E-3
438.60 8.75589E-4 6.37055E-4 1.279408E-3
438.70 8.77846E-4 6.38698E-4 1.282707E-3
438.80 8.75298E-4 6.36844E-4 1.278983E-3
438.90 8.75805E-4 6.37212E-4 1.279724E-3
439.00 8.74888E-4 6.36545E-4 1.278384E-3
439.10 8.73058E-4 6.35214E-4 1.27571E-3
439.20 8.75986E-4 6.37344E-4 1.279989E-3
439.30 8.77398E-4 6.38372E-4 1.282052E-3
439.40 8.82463E-4 6.42056E-4 1.289452E-3
439.50 9.03573E-4 6.57416E-4 1.320299E-3
439.60 9.06715E-4 6.59701E-4 1.324889E-3
439.70 9.06846E-4 6.59797E-4 1.32508E-3
439.80 9.08316E-4 6.60866E-4 1.327229E-3
439.90 9.32904E-4 6.78756E-4 1.363157E-3
440.00 9.86657E-4 7.17865E-4 1.44170E-3
440.10 9.89572E-4 7.19986E-4 1.44596E-3
440.20 1.008965E-3 7.34096E-4 1.474297E-3
440.30 1.029684E-3 7.49171E-4 1.504571E-3
440.40 1.035617E-3 7.53487E-4 1.513241E-3
440.50 1.036483E-3 7.54118E-4 1.514507E-3
440.60 1.034675E-3 7.52802E-4 1.511864E-3
440.70 1.033249E-3 7.51765E-4 1.509781E-3
440.80 1.034136E-3 7.52409E-4 1.511076E-3
440.90 1.03452E-3 7.52689E-4 1.511637E-3
441.00 1.034545E-3 7.52708E-4 1.511675E-3
441.10 1.034264E-3 7.52503E-4 1.511264E-3
441.20 1.031693E-3 7.50633E-4 1.507508E-3
441.30 1.031504E-3 7.50495E-4 1.507231E-3
441.40 1.056382E-3 7.68596E-4 1.543583E-3
441.50 1.070394E-3 7.78791E-4 1.564058E-3
441.60 1.07196E-3 7.79930E-4 1.566346E-3
441.70 1.081909E-3 7.87168E-4 1.580883E-3
441.80 1.085682E-3 7.89913E-4 1.586396E-3
441.90 1.082388E-3 7.87517E-4 1.581582E-3
442.00 1.072504E-3 7.80325E-4 1.56714E-3
442.10 1.07201E-3 7.79966E-4 1.566418E-3
442.20 1.072965E-3 7.80661E-4 1.567814E-3
442.30 1.116003E-3 8.11974E-4 1.63070E-3
442.40 1.121569E-3 8.16024E-4 1.638834E-3
442.50 1.140325E-3 8.29670E-4 1.66624E-3
442.60 1.169563E-3 8.50943E-4 1.708963E-3
442.70 1.179211E-3 8.57962E-4 1.72306E-3
442.80 1.182408E-3 8.60288E-4 1.727731E-3
442.90 1.178386E-3 8.57362E-4 1.721855E-3
443.00 1.177592E-3 8.56784E-4 1.720694E-3
443.10 1.180714E-3 8.59056E-4 1.725257E-3
443.20 1.175625E-3 8.55353E-4 1.71782E-3
443.30 1.177091E-3 8.56420E-4 1.719963E-3
443.40 1.185134E-3 8.62272E-4 1.731714E-3
443.50 1.18640E-3 8.63193E-4 1.733564E-3
443.60 1.19608E-3 8.70236E-4 1.74771E-3
443.70 1.219594E-3 8.87344E-4 1.782067E-3
443.80 1.223025E-3 8.89840E-4 1.787081E-3
443.90 1.229701E-3 8.94697E-4 1.796835E-3
444.00 1.281221E-3 9.32182E-4 1.872117E-3
444.10 1.323144E-3 9.62684E-4 1.933374E-3
444.20 1.323289E-3 9.62790E-4 1.933586E-3
444.30 1.39871E-3 1.017664E-3 2.04379E-3
444.40 1.469445E-3 1.069129E-3 2.14715E-3
444.50 1.472131E-3 1.071084E-3 2.15107E-3
444.60 1.488416E-3 1.082932E-3 2.17487E-3
444.70 1.50845E-3 1.097508E-3 2.20414E-3
444.80 1.510624E-3 1.09909E-3 2.20732E-3
444.90 1.509723E-3 1.098434E-3 2.20600E-3
445.00 1.509622E-3 1.098361E-3 2.20586E-3
445.10 1.509387E-3 1.09819E-3 2.20551E-3
445.20 1.50952E-3 1.098287E-3 2.20571E-3
445.30 1.509053E-3 1.097947E-3 2.20502E-3
445.40 1.50903E-3 1.09793E-3 2.20499E-3
445.50 1.508117E-3 1.097266E-3 2.20366E-3
445.60 1.505694E-3 1.095503E-3 2.20012E-3
445.70 1.52166E-3 1.107119E-3 2.22345E-3
445.80 1.528673E-3 1.112222E-3 2.23369E-3
445.90 1.531034E-3 1.11394E-3 2.23714E-3
446.00 1.536342E-3 1.117801E-3 2.24490E-3
446.10 1.537137E-3 1.11838E-3 2.24606E-3
446.20 1.53510E-3 1.116898E-3 2.24308E-3
446.30 1.534209E-3 1.11625E-3 2.24178E-3
446.40 1.53448E-3 1.116447E-3 2.24218E-3
446.50 1.534404E-3 1.116391E-3 2.24207E-3
446.60 1.533247E-3 1.11555E-3 2.24038E-3
446.70 1.533445E-3 1.115694E-3 2.24067E-3
446.80 1.53231E-3 1.114868E-3 2.23901E-3
446.90 1.532658E-3 1.115121E-3 2.23952E-3
447.00 1.536481E-3 1.117903E-3 2.24510E-3
447.10 1.541204E-3 1.121339E-3 2.25200E-3
447.20 1.541638E-3 1.121655E-3 2.25264E-3
447.30 1.542429E-3 1.122231E-3 2.25379E-3
447.40 1.543283E-3 1.122852E-3 2.25504E-3
447.50 1.545578E-3 1.124521E-3 2.25839E-3
447.60 1.553542E-3 1.130316E-3 2.27003E-3
447.70 1.553276E-3 1.130122E-3 2.26964E-3
447.80 1.570406E-3 1.142585E-3 2.29467E-3
447.90 1.576804E-3 1.14724E-3 2.30402E-3
448.00 1.577929E-3 1.14806E-3 2.30567E-3
448.10 1.588229E-3 1.155553E-3 2.32072E-3
448.20 1.591866E-3 1.158199E-3 2.32603E-3
448.30 1.59168E-3 1.158064E-3 2.32576E-3
448.40 1.590628E-3 1.157299E-3 2.32422E-3
448.50 1.594131E-3 1.159847E-3 2.32934E-3
448.60 1.610564E-3 1.171804E-3 2.35335E-3
448.70 1.615929E-3 1.175707E-3 2.36119E-3
448.80 1.618943E-3 1.17790E-3 2.36560E-3
448.90 1.647917E-3 1.19898E-3 2.40793E-3
449.00 1.665653E-3 1.211884E-3 2.43385E-3
449.10 1.666304E-3 1.212358E-3 2.43480E-3
449.20 1.667646E-3 1.213335E-3 2.43676E-3
449.30 1.669922E-3 1.214991E-3 2.44009E-3
449.40 1.670482E-3 1.215398E-3 2.44090E-3
449.50 1.670362E-3 1.215311E-3 2.44073E-3
449.60 1.669847E-3 1.214936E-3 2.43998E-3
449.70 1.665481E-3 1.21176E-3 2.43360E-3
449.80 1.665433E-3 1.211725E-3 2.43353E-3
449.90 1.690392E-3 1.229884E-3 2.47000E-3
450.00 1.723115E-3 1.253693E-3 2.51781E-3
450.10 1.722876E-3 1.253518E-3 2.51746E-3
450.20 1.768523E-3 1.286731E-3 2.58416E-3
450.30 1.816052E-3 1.321311E-3 2.65361E-3
450.40 1.820679E-3 1.324678E-3 2.66037E-3
450.50 1.823681E-3 1.326862E-3 2.66476E-3
450.60 1.833861E-3 1.334269E-3 2.67963E-3
450.70 1.844046E-3 1.341679E-3 2.69452E-3
450.80 1.844112E-3 1.341727E-3 2.69461E-3
450.90 1.845889E-3 1.34302E-3 2.69721E-3
451.00 1.851155E-3 1.346851E-3 2.70490E-3
451.10 1.855729E-3 1.350179E-3 2.71159E-3
451.20 1.854572E-3 1.349338E-3 2.70990E-3
451.30 1.854826E-3 1.349522E-3 2.71027E-3
451.40 1.848811E-3 1.345145E-3 2.70148E-3
451.50 1.851421E-3 1.347045E-3 2.70529E-3
451.60 1.857384E-3 1.351383E-3 2.71401E-3
451.70 1.855763E-3 1.350204E-3 2.71164E-3
451.80 1.862879E-3 1.355381E-3 2.72203E-3
451.90 1.867327E-3 1.358618E-3 2.72853E-3
452.00 1.856075E-3 1.350431E-3 2.71209E-3
452.10 1.857212E-3 1.351258E-3 2.71375E-3
452.20 1.83338E-3 1.333918E-3 2.67893E-3
452.30 1.811674E-3 1.318125E-3 2.64721E-3
452.40 1.811604E-3 1.318075E-3 2.64711E-3
452.50 1.79435E-3 1.305521E-3 2.62190E-3
452.60 1.79136E-3 1.303346E-3 2.61753E-3
452.70 1.795003E-3 1.305997E-3 2.62285E-3
452.80 1.799076E-3 1.30896E-3 2.62880E-3
452.90 1.784474E-3 1.298336E-3 2.60747E-3
453.00 1.782426E-3 1.296846E-3 2.60448E-3
453.10 1.775637E-3 1.291906E-3 2.59456E-3
453.20 1.743869E-3 1.268792E-3 2.54814E-3
453.30 1.738693E-3 1.265027E-3 2.54057E-3
453.40 1.744649E-3 1.26936E-3 2.54928E-3
453.50 1.768265E-3 1.286542E-3 2.58378E-3
453.60 1.764204E-3 1.283588E-3 2.57785E-3
453.70 1.814532E-3 1.320206E-3 2.65139E-3
453.80 1.843074E-3 1.340971E-3 2.69309E-3
453.90 1.847575E-3 1.344246E-3 2.69967E-3
454.00 1.935817E-3 1.408449E-3 2.82861E-3
454.10 1.98652E-3 1.445342E-3 2.90270E-3
454.20 1.97461E-3 1.436677E-3 2.88530E-3
454.30 2.06050E-3 1.499165E-3 3.01080E-3
454.40 2.11277E-3 1.537193E-3 3.08717E-3
454.50 2.11225E-3 1.536814E-3 3.08641E-3
454.60 2.12500E-3 1.546093E-3 3.10504E-3
454.70 2.13473E-3 1.55317E-3 3.11926E-3
454.80 2.13349E-3 1.552268E-3 3.11744E-3
454.90 2.12978E-3 1.549575E-3 3.11204E-3
455.00 2.12914E-3 1.549102E-3 3.11109E-3
455.10 2.12470E-3 1.545878E-3 3.10461E-3
455.20 2.11469E-3 1.538589E-3 3.08997E-3
455.30 2.11527E-3 1.539012E-3 3.09082E-3
455.40 2.11459E-3 1.538519E-3 3.08983E-3
455.50 2.11452E-3 1.538468E-3 3.08973E-3
455.60 2.11433E-3 1.538328E-3 3.08945E-3
455.70 2.11683E-3 1.54015E-3 3.09311E-3
455.80 2.11676E-3 1.540097E-3 3.09300E-3
455.90 2.10514E-3 1.531646E-3 3.07603E-3
456.00 2.09829E-3 1.526661E-3 3.06602E-3
456.10 2.11129E-3 1.536119E-3 3.08501E-3
456.20 2.08068E-3 1.513849E-3 3.04029E-3
456.30 2.05100E-3 1.492254E-3 2.99692E-3
456.40 2.05446E-3 1.494772E-3 3.00197E-3
456.50 2.04995E-3 1.491486E-3 2.99538E-3
456.60 2.04185E-3 1.485598E-3 2.98355E-3
456.70 2.04004E-3 1.484282E-3 2.98091E-3
456.80 2.04009E-3 1.484313E-3 2.98097E-3
456.90 2.04087E-3 1.484884E-3 2.98212E-3
457.00 2.04859E-3 1.49050E-3 2.99339E-3
457.10 2.05138E-3 1.492529E-3 2.99747E-3
457.20 2.05146E-3 1.49259E-3 2.99759E-3
457.30 2.04887E-3 1.490704E-3 2.99380E-3
457.40 2.05210E-3 1.493057E-3 2.99853E-3
457.50 2.05875E-3 1.497895E-3 3.00825E-3
457.60 2.06066E-3 1.49928E-3 3.01103E-3
457.70 2.06362E-3 1.501434E-3 3.01535E-3
457.80 2.11270E-3 1.537146E-3 3.08707E-3
457.90 2.14960E-3 1.563994E-3 3.14100E-3
458.00 2.12017E-3 1.542576E-3 3.09798E-3
458.10 2.16699E-3 1.576647E-3 3.16641E-3
458.20 2.19246E-3 1.595173E-3 3.20361E-3
458.30 2.17765E-3 1.584398E-3 3.18197E-3
458.40 2.17482E-3 1.58234E-3 3.17784E-3
458.50 2.17808E-3 1.584711E-3 3.18260E-3
458.60 2.20176E-3 1.601939E-3 3.21720E-3
458.70 2.23631E-3 1.627078E-3 3.26769E-3
458.80 2.22850E-3 1.62140E-3 3.25628E-3
458.90 2.24994E-3 1.636994E-3 3.28760E-3
459.00 2.28281E-3 1.660911E-3 3.33563E-3
459.10 2.27939E-3 1.658423E-3 3.33064E-3
459.20 2.28001E-3 1.658872E-3 3.33154E-3
459.30 2.27976E-3 1.658695E-3 3.33118E-3
459.40 2.27831E-3 1.657638E-3 3.32906E-3
459.50 2.27621E-3 1.656113E-3 3.32600E-3
459.60 2.27545E-3 1.655555E-3 3.32488E-3
459.70 2.26904E-3 1.65089E-3 3.31551E-3
459.80 2.27101E-3 1.652325E-3 3.31839E-3
459.90 2.26900E-3 1.650862E-3 3.31545E-3
460.00 2.27154E-3 1.652713E-3 3.31917E-3
460.10 2.27065E-3 1.652061E-3 3.31786E-3
460.20 2.27139E-3 1.65260E-3 3.31894E-3
460.30 2.26672E-3 1.649205E-3 3.31213E-3
460.40 2.26767E-3 1.649895E-3 3.31351E-3
460.50 2.28415E-3 1.661887E-3 3.33759E-3
460.60 2.28863E-3 1.665146E-3 3.34414E-3
460.70 2.29123E-3 1.667037E-3 3.34794E-3
460.80 2.30343E-3 1.675913E-3 3.36576E-3
460.90 2.31090E-3 1.68135E-3 3.37668E-3
461.00 2.31103E-3 1.681442E-3 3.37687E-3
461.10 2.31124E-3 1.681597E-3 3.37718E-3
461.20 2.31280E-3 1.682731E-3 3.37946E-3
461.30 2.31685E-3 1.685681E-3 3.38538E-3
461.40 2.31115E-3 1.681529E-3 3.37704E-3
461.50 2.30762E-3 1.678961E-3 3.37188E-3
461.60 2.31042E-3 1.680998E-3 3.37598E-3
461.70 2.30441E-3 1.676626E-3 3.36719E-3
461.80 2.30738E-3 1.678787E-3 3.37154E-3
461.90 2.30947E-3 1.68031E-3 3.37459E-3
462.00 2.30889E-3 1.679887E-3 3.37374E-3
462.10 2.30920E-3 1.680115E-3 3.37420E-3
462.20 2.31103E-3 1.681443E-3 3.37687E-3
462.30 2.30805E-3 1.679275E-3 3.37251E-3
462.40 2.30643E-3 1.678096E-3 3.37015E-3
462.50 2.29600E-3 1.670505E-3 3.35490E-3
462.60 2.29638E-3 1.670784E-3 3.35546E-3
462.70 2.28977E-3 1.665975E-3 3.34580E-3
462.80 2.28801E-3 1.664696E-3 3.34324E-3
462.90 2.28773E-3 1.664489E-3 3.34282E-3
463.00 2.28705E-3 1.663997E-3 3.34183E-3
463.10 2.28802E-3 1.664702E-3 3.34325E-3
463.20 2.29065E-3 1.666612E-3 3.34708E-3
463.30 2.29115E-3 1.666977E-3 3.34782E-3
463.40 2.29095E-3 1.666832E-3 3.34753E-3
463.50 2.29855E-3 1.672364E-3 3.35864E-3
463.60 2.30512E-3 1.677144E-3 3.36824E-3
463.70 2.30691E-3 1.678446E-3 3.37085E-3
463.80 2.31352E-3 1.683254E-3 3.38051E-3
463.90 2.31359E-3 1.683306E-3 3.38061E-3
464.00 2.31329E-3 1.683089E-3 3.38017E-3
464.10 2.31636E-3 1.685321E-3 3.38466E-3
464.20 2.31412E-3 1.68369E-3 3.38138E-3
464.30 2.32065E-3 1.688442E-3 3.39092E-3
464.40 2.32475E-3 1.691428E-3 3.39692E-3
464.50 2.32406E-3 1.690927E-3 3.39592E-3
464.60 2.32899E-3 1.694515E-3 3.40312E-3
464.70 2.33143E-3 1.696286E-3 3.40668E-3
464.80 2.33037E-3 1.695519E-3 3.40514E-3
464.90 2.32981E-3 1.695108E-3 3.40431E-3
465.00 2.32921E-3 1.694674E-3 3.40344E-3
465.10 2.32409E-3 1.690945E-3 3.39595E-3
465.20 2.30341E-3 1.675898E-3 3.36573E-3
465.30 2.30024E-3 1.673596E-3 3.36111E-3
465.40 2.29976E-3 1.673247E-3 3.36041E-3
465.50 2.29820E-3 1.672109E-3 3.35812E-3
465.60 2.27331E-3 1.653997E-3 3.32175E-3
465.70 2.21960E-3 1.614922E-3 3.24327E-3
465.80 2.21644E-3 1.612626E-3 3.23866E-3
465.90 2.19702E-3 1.598493E-3 3.21028E-3
466.00 2.17544E-3 1.58279E-3 3.17874E-3
466.10 2.17219E-3 1.580427E-3 3.17400E-3
466.20 2.17154E-3 1.579954E-3 3.17305E-3
466.30 2.17652E-3 1.583579E-3 3.18033E-3
466.40 2.18492E-3 1.589686E-3 3.19259E-3
466.50 2.18399E-3 1.589013E-3 3.19124E-3
466.60 2.19026E-3 1.593573E-3 3.20040E-3
466.70 2.19849E-3 1.599564E-3 3.21243E-3
466.80 2.19856E-3 1.599617E-3 3.21254E-3
466.90 2.19765E-3 1.598953E-3 3.21120E-3
467.00 2.20635E-3 1.605282E-3 3.22391E-3
467.10 2.18627E-3 1.590674E-3 3.19458E-3
467.20 2.17295E-3 1.580977E-3 3.17510E-3
467.30 2.17699E-3 1.583922E-3 3.18102E-3
467.40 2.20465E-3 1.604047E-3 3.22143E-3
467.50 2.21611E-3 1.612379E-3 3.23817E-3
467.60 2.21432E-3 1.611077E-3 3.23555E-3
467.70 2.22087E-3 1.615848E-3 3.24513E-3
467.80 2.24082E-3 1.630362E-3 3.27428E-3
467.90 2.24319E-3 1.632084E-3 3.27774E-3
468.00 2.19087E-3 1.594018E-3 3.20129E-3
468.10 2.21360E-3 1.610559E-3 3.23451E-3
468.20 2.22840E-3 1.621326E-3 3.25613E-3
468.30 2.19844E-3 1.599526E-3 3.21235E-3
468.40 2.19312E-3 1.595655E-3 3.20458E-3
468.50 2.19248E-3 1.595191E-3 3.20365E-3
468.60 2.19320E-3 1.595712E-3 3.20470E-3
468.70 2.19397E-3 1.596277E-3 3.20583E-3
468.80 2.19042E-3 1.593692E-3 3.20064E-3
468.90 2.19018E-3 1.593514E-3 3.20028E-3
469.00 2.18947E-3 1.593001E-3 3.19925E-3
469.10 2.18201E-3 1.587575E-3 3.18835E-3
469.20 2.18187E-3 1.587473E-3 3.18815E-3
469.30 2.17168E-3 1.580054E-3 3.17325E-3
469.40 2.15005E-3 1.56432E-3 3.14165E-3
469.50 2.14758E-3 1.562525E-3 3.13804E-3
469.60 2.13972E-3 1.55680E-3 3.12655E-3
469.70 2.08858E-3 1.519599E-3 3.05183E-3
469.80 2.04587E-3 1.488524E-3 2.98943E-3
469.90 2.04506E-3 1.487932E-3 2.98824E-3
470.00 1.96999E-3 1.433315E-3 2.87855E-3
470.10 1.900973E-3 1.383097E-3 2.77770E-3
470.20 1.899872E-3 1.382296E-3 2.77609E-3
470.30 1.883436E-3 1.370338E-3 2.75207E-3
470.40 1.866834E-3 1.358258E-3 2.72781E-3
470.50 1.872056E-3 1.362058E-3 2.73544E-3
470.60 1.873009E-3 1.362751E-3 2.73684E-3
470.70 1.873827E-3 1.363346E-3 2.73803E-3
470.80 1.875454E-3 1.36453E-3 2.74041E-3
470.90 1.876804E-3 1.365512E-3 2.74238E-3
471.00 1.87574E-3 1.364738E-3 2.74083E-3
471.10 1.876147E-3 1.365034E-3 2.74142E-3
471.20 1.873875E-3 1.363382E-3 2.73810E-3
471.30 1.874272E-3 1.363671E-3 2.73868E-3
471.40 1.856604E-3 1.350816E-3 2.71287E-3
471.50 1.847445E-3 1.344152E-3 2.69948E-3
471.60 1.845247E-3 1.342552E-3 2.69627E-3
471.70 1.83681E-3 1.336414E-3 2.68394E-3
471.80 1.836564E-3 1.336235E-3 2.68358E-3
471.90 1.837451E-3 1.33688E-3 2.68488E-3
472.00 1.837981E-3 1.337266E-3 2.68565E-3
472.10 1.837872E-3 1.337187E-3 2.68549E-3
472.20 1.844173E-3 1.341771E-3 2.69470E-3
472.30 1.848661E-3 1.345037E-3 2.70126E-3
472.40 1.850496E-3 1.346372E-3 2.70394E-3
472.50 1.864291E-3 1.356408E-3 2.72410E-3
472.60 1.866234E-3 1.357822E-3 2.72694E-3
472.70 1.86348E-3 1.355818E-3 2.72291E-3
472.80 1.861502E-3 1.354379E-3 2.72002E-3
472.90 1.862793E-3 1.355319E-3 2.72191E-3
473.00 1.861768E-3 1.354573E-3 2.72041E-3
473.10 1.862978E-3 1.355453E-3 2.72218E-3
473.20 1.862648E-3 1.355213E-3 2.72170E-3
473.30 1.854594E-3 1.349353E-3 2.70993E-3
473.40 1.85446E-3 1.349256E-3 2.70973E-3
473.50 1.83396E-3 1.334341E-3 2.67978E-3
473.60 1.827976E-3 1.329987E-3 2.67103E-3
473.70 1.824899E-3 1.327748E-3 2.66654E-3
473.80 1.811724E-3 1.318162E-3 2.64729E-3
473.90 1.808042E-3 1.315483E-3 2.64191E-3
474.00 1.808826E-3 1.316054E-3 2.64305E-3
474.10 1.810037E-3 1.316935E-3 2.64482E-3
474.20 1.804799E-3 1.313124E-3 2.63717E-3
474.30 1.788093E-3 1.300969E-3 2.61276E-3
474.40 1.778787E-3 1.294198E-3 2.59916E-3
474.50 1.77599E-3 1.292163E-3 2.59507E-3
474.60 1.746389E-3 1.270626E-3 2.55182E-3
474.70 1.728905E-3 1.257906E-3 2.52627E-3
474.80 1.728478E-3 1.257595E-3 2.52565E-3
474.90 1.727415E-3 1.256822E-3 2.52410E-3
475.00 1.725399E-3 1.255355E-3 2.52115E-3
475.10 1.725283E-3 1.25527E-3 2.52098E-3
475.20 1.727669E-3 1.257006E-3 2.52447E-3
475.30 1.72773E-3 1.25705E-3 2.52455E-3
475.40 1.728957E-3 1.257943E-3 2.52635E-3
475.50 1.730022E-3 1.258718E-3 2.52790E-3
475.60 1.702466E-3 1.238669E-3 2.48764E-3
475.70 1.666307E-3 1.21236E-3 2.43480E-3
475.80 1.666465E-3 1.212476E-3 2.43504E-3
475.90 1.62124E-3 1.179571E-3 2.36895E-3
476.00 1.573314E-3 1.144701E-3 2.29892E-3
476.10 1.568425E-3 1.141144E-3 2.29178E-3
476.20 1.565403E-3 1.138946E-3 2.28736E-3
476.30 1.551835E-3 1.129074E-3 2.26754E-3
476.40 1.541335E-3 1.121434E-3 2.25219E-3
476.50 1.541437E-3 1.121509E-3 2.25234E-3
476.60 1.539716E-3 1.120257E-3 2.24983E-3
476.70 1.534489E-3 1.116453E-3 2.24219E-3
476.80 1.530179E-3 1.113317E-3 2.23589E-3
476.90 1.528547E-3 1.11213E-3 2.23351E-3
477.00 1.528546E-3 1.11213E-3 2.23351E-3
477.10 1.524819E-3 1.109418E-3 2.22806E-3
477.20 1.517164E-3 1.103848E-3 2.21688E-3
477.30 1.510106E-3 1.098713E-3 2.20656E-3
477.40 1.511023E-3 1.09938E-3 2.20790E-3
477.50 1.503811E-3 1.094133E-3 2.19736E-3
477.60 1.495025E-3 1.087741E-3 2.18453E-3
477.70 1.492212E-3 1.085693E-3 2.18042E-3
477.80 1.491065E-3 1.08486E-3 2.17874E-3
477.90 1.477027E-3 1.074646E-3 2.15823E-3
478.00 1.470648E-3 1.070005E-3 2.14891E-3
478.10 1.470612E-3 1.069978E-3 2.14885E-3
478.20 1.469142E-3 1.068909E-3 2.14671E-3
478.30 1.466666E-3 1.067107E-3 2.14309E-3
478.40 1.46179E-3 1.063559E-3 2.13596E-3
478.50 1.457723E-3 1.060601E-3 2.13002E-3
478.60 1.457608E-3 1.060517E-3 2.12985E-3
478.70 1.451847E-3 1.056325E-3 2.12144E-3
478.80 1.451225E-3 1.055873E-3 2.12053E-3
478.90 1.445093E-3 1.051411E-3 2.11157E-3
479.00 1.441018E-3 1.048446E-3 2.10561E-3
479.10 1.431822E-3 1.041755E-3 2.09217E-3
479.20 1.398766E-3 1.017705E-3 2.04387E-3
479.30 1.398781E-3 1.017716E-3 2.04389E-3
479.40 1.347817E-3 9.80636E-4 1.96943E-3
479.50 1.319293E-3 9.59882E-4 1.927747E-3
479.60 1.30873E-3 9.52197E-4 1.912313E-3
479.70 1.218282E-3 8.86390E-4 1.780151E-3
479.80 1.160446E-3 8.44310E-4 1.695641E-3
479.90 1.158846E-3 8.43145E-4 1.693302E-3
480.00 1.072222E-3 7.80120E-4 1.566728E-3
480.10 1.008459E-3 7.33728E-4 1.473557E-3
480.20 1.009055E-3 7.34162E-4 1.474429E-3
480.30 9.94302E-4 7.23428E-4 1.452872E-3
480.40 9.84270E-4 7.16128E-4 1.438212E-3
480.50 9.87007E-4 7.18120E-4 1.442212E-3
480.60 9.87726E-4 7.18643E-4 1.443263E-3
480.70 9.87788E-4 7.18688E-4 1.443353E-3
480.80 9.88472E-4 7.19186E-4 1.444353E-3
480.90 9.90148E-4 7.20405E-4 1.446801E-3
481.00 9.89926E-4 7.20244E-4 1.446477E-3
481.10 9.90497E-4 7.20660E-4 1.447312E-3
481.20 9.91164E-4 7.21145E-4 1.448286E-3
481.30 9.91581E-4 7.21448E-4 1.448896E-3
481.40 9.85755E-4 7.17209E-4 1.440382E-3
481.50 9.80358E-4 7.13282E-4 1.432496E-3
481.60 9.80612E-4 7.13467E-4 1.432868E-3
481.70 9.75697E-4 7.09891E-4 1.425686E-3
481.80 9.61355E-4 6.99456E-4 1.404729E-3
481.90 9.57882E-4 6.96929E-4 1.399654E-3
482.00 9.53775E-4 6.93941E-4 1.393654E-3
482.10 9.44925E-4 6.87502E-4 1.380722E-3
482.20 9.46686E-4 6.88783E-4 1.383295E-3
482.30 9.42183E-4 6.85508E-4 1.376716E-3
482.40 9.41271E-4 6.84843E-4 1.375382E-3
482.50 9.43863E-4 6.86730E-4 1.37917E-3
482.60 9.42662E-4 6.85856E-4 1.377416E-3
482.70 9.35936E-4 6.80962E-4 1.367588E-3
482.80 9.26213E-4 6.73888E-4 1.35338E-3
482.90 9.25643E-4 6.73473E-4 1.352547E-3
483.00 9.18005E-4 6.67916E-4 1.341387E-3
483.10 9.01533E-4 6.55932E-4 1.317318E-3
483.20 8.94619E-4 6.50901E-4 1.307215E-3
483.30 8.92142E-4 6.49099E-4 1.303596E-3
483.40 8.89182E-4 6.46945E-4 1.299271E-3
483.50 8.40088E-4 6.11226E-4 1.227535E-3
483.60 7.96027E-4 5.79168E-4 1.163153E-3
483.70 7.95377E-4 5.78695E-4 1.162202E-3
483.80 7.44787E-4 5.41887E-4 1.088281E-3
483.90 7.06880E-4 5.14307E-4 1.032891E-3
484.00 7.03708E-4 5.11999E-4 1.028256E-3
484.10 7.06028E-4 5.13687E-4 1.031647E-3
484.20 7.03209E-4 5.11636E-4 1.027528E-3
484.30 6.79786E-4 4.94594E-4 9.93302E-4
484.40 6.45022E-4 4.69301E-4 9.42505E-4
484.50 6.43157E-4 4.67944E-4 9.39780E-4
484.60 6.14634E-4 4.47191E-4 8.98102E-4
484.70 5.81220E-4 4.22880E-4 8.49277E-4
484.80 5.81673E-4 4.23210E-4 8.49940E-4
484.90 5.72930E-4 4.16849E-4 8.37164E-4
485.00 5.72451E-4 4.16500E-4 8.36464E-4
485.10 5.70969E-4 4.15422E-4 8.34298E-4
485.20 5.71460E-4 4.15779E-4 8.35015E-4
485.30 5.70139E-4 4.14818E-4 8.33085E-4
485.40 5.71677E-4 4.15937E-4 8.35333E-4
485.50 5.71463E-4 4.15781E-4 8.35020E-4
485.60 5.71382E-4 4.15723E-4 8.34903E-4
485.70 5.70230E-4 4.14884E-4 8.33219E-4
485.80 5.67538E-4 4.12926E-4 8.29286E-4
485.90 5.66765E-4 4.12363E-4 8.28156E-4
486.00 5.66829E-4 4.12410E-4 8.28250E-4
486.10 5.61968E-4 4.08873E-4 8.21146E-4
486.20 5.45797E-4 3.97107E-4 7.97517E-4
486.30 5.41414E-4 3.93918E-4 7.91112E-4
486.40 5.38684E-4 3.91932E-4 7.87124E-4
486.50 5.26013E-4 3.82713E-4 7.68609E-4
486.60 5.19854E-4 3.78232E-4 7.59610E-4
486.70 5.19195E-4 3.77753E-4 7.58647E-4
486.80 5.19481E-4 3.77961E-4 7.59064E-4
486.90 5.17411E-4 3.76454E-4 7.56039E-4
487.00 5.13943E-4 3.73932E-4 7.50973E-4
487.10 5.11499E-4 3.72153E-4 7.47402E-4
487.20 5.10894E-4 3.71713E-4 7.46518E-4
487.30 5.04911E-4 3.67360E-4 7.37774E-4
487.40 5.04725E-4 3.67225E-4 7.37503E-4
487.50 5.02024E-4 3.65259E-4 7.33555E-4
487.60 4.99796E-4 3.63638E-4 7.30300E-4
487.70 5.00144E-4 3.63891E-4 7.30809E-4
487.80 5.01790E-4 3.65089E-4 7.33214E-4
487.90 4.95724E-4 3.60676E-4 7.24351E-4
488.00 4.92103E-4 3.58041E-4 7.19060E-4
488.10 4.93145E-4 3.58799E-4 7.20582E-4
488.20 4.90437E-4 3.56829E-4 7.16625E-4
488.30 4.89777E-4 3.56349E-4 7.15661E-4
488.40 4.90197E-4 3.56654E-4 7.16275E-4
488.50 4.90428E-4 3.56822E-4 7.16612E-4
488.60 4.90470E-4 3.56853E-4 7.16673E-4
488.70 4.90509E-4 3.56882E-4 7.16731E-4
488.80 4.89757E-4 3.56334E-4 7.15631E-4
488.90 4.88586E-4 3.55482E-4 7.13921E-4
489.00 4.88609E-4 3.55499E-4 7.13954E-4
489.10 4.88288E-4 3.55265E-4 7.13485E-4
489.20 4.80290E-4 3.49446E-4 7.01799E-4
489.30 4.74595E-4 3.45303E-4 6.93477E-4
489.40 4.72696E-4 3.43921E-4 6.90702E-4
489.50 4.65176E-4 3.38450E-4 6.79714E-4
489.60 4.65398E-4 3.38612E-4 6.80039E-4
489.70 4.63183E-4 3.37000E-4 6.76803E-4
489.80 4.60030E-4 3.34706E-4 6.72195E-4
489.90 4.60982E-4 3.35398E-4 6.73586E-4
490.00 4.52757E-4 3.29414E-4 6.61567E-4
490.10 4.46443E-4 3.24820E-4 6.52342E-4
490.20 4.45336E-4 3.24014E-4 6.50723E-4
490.30 4.36589E-4 3.17650E-4 6.37942E-4
490.40 4.34207E-4 3.15917E-4 6.34461E-4
490.50 4.34176E-4 3.15895E-4 6.34417E-4
490.60 4.33404E-4 3.15333E-4 6.33289E-4
490.70 4.33697E-4 3.15546E-4 6.33716E-4
490.80 4.33689E-4 3.15541E-4 6.33706E-4
490.90 4.36083E-4 3.17282E-4 6.37203E-4
491.00 4.37664E-4 3.18432E-4 6.39513E-4
491.10 4.37644E-4 3.18418E-4 6.39485E-4
491.20 4.38504E-4 3.19044E-4 6.40740E-4
491.30 4.38833E-4 3.19283E-4 6.41222E-4
491.40 4.38797E-4 3.19257E-4 6.41170E-4
491.50 4.38802E-4 3.19261E-4 6.41177E-4
491.60 4.38843E-4 3.19290E-4 6.41236E-4
491.70 4.38459E-4 3.19011E-4 6.40675E-4
491.80 4.35315E-4 3.16724E-4 6.36082E-4
491.90 4.35176E-4 3.16622E-4 6.35878E-4
492.00 4.29992E-4 3.12850E-4 6.28303E-4
492.10 4.22057E-4 3.07077E-4 6.16708E-4
492.20 4.22128E-4 3.07129E-4 6.16812E-4
492.30 4.15699E-4 3.02451E-4 6.07418E-4
492.40 4.07596E-4 2.96556E-4 5.95579E-4
492.50 4.06970E-4 2.96100E-4 5.94663E-4
492.60 4.05971E-4 2.95374E-4 5.93204E-4
492.70 3.99060E-4 2.90345E-4 5.83105E-4
492.80 3.90051E-4 2.83791E-4 5.69942E-4
492.90 3.89261E-4 2.83216E-4 5.68787E-4
493.00 3.83590E-4 2.79090E-4 5.60501E-4
493.10 3.45998E-4 2.51739E-4 5.05572E-4
493.20 3.30323E-4 2.403344E-4 4.82667E-4
493.30 3.29845E-4 2.399864E-4 4.81969E-4
493.40 3.21092E-4 2.336179E-4 4.69179E-4
493.50 3.01771E-4 2.195604E-4 4.40947E-4
493.60 2.79665E-4 2.034766E-4 4.08645E-4
493.70 2.79403E-4 2.032862E-4 4.08263E-4
493.80 2.52178E-4 1.834779E-4 3.68482E-4
493.90 2.175786E-4 1.583044E-4 3.17925E-4
494.00 2.16441E-4 1.574767E-4 3.16263E-4
494.10 2.121354E-4 1.543441E-4 3.09972E-4
494.20 2.10061E-4 1.528348E-4 3.06941E-4
494.30 2.124199E-4 1.545511E-4 3.10387E-4
494.40 2.113955E-4 1.538058E-4 3.08891E-4
494.50 2.104339E-4 1.531061E-4 3.07486E-4
494.60 2.153092E-4 1.566532E-4 3.14609E-4
494.70 2.173678E-4 1.58151E-4 3.17617E-4
494.80 2.177299E-4 1.584145E-4 3.18146E-4
494.90 2.25340E-4 1.639514E-4 3.29266E-4
495.00 2.281742E-4 1.660135E-4 3.33408E-4
495.10 2.274024E-4 1.65452E-4 3.32280E-4
495.20 2.316222E-4 1.685222E-4 3.38446E-4
495.30 2.324468E-4 1.691221E-4 3.39651E-4
495.40 2.323295E-4 1.690367E-4 3.39479E-4
495.50 2.321548E-4 1.689097E-4 3.39224E-4
495.60 2.321629E-4 1.689155E-4 3.39236E-4
495.70 2.319132E-4 1.687339E-4 3.38871E-4
495.80 2.29585E-4 1.670399E-4 3.35469E-4
495.90 2.280113E-4 1.658949E-4 3.33170E-4
496.00 2.280713E-4 1.659386E-4 3.33257E-4
496.10 2.246061E-4 1.634174E-4 3.28194E-4
496.20 2.174215E-4 1.581901E-4 3.17696E-4
496.30 2.165988E-4 1.575915E-4 3.16494E-4
496.40 2.157867E-4 1.570007E-4 3.15307E-4
496.50 2.154714E-4 1.567712E-4 3.14846E-4
496.60 2.148044E-4 1.56286E-4 3.13872E-4
496.70 2.146334E-4 1.561616E-4 3.13622E-4
496.80 2.146615E-4 1.56182E-4 3.13663E-4
496.90 2.133658E-4 1.552392E-4 3.11769E-4
497.00 2.131865E-4 1.551088E-4 3.11508E-4
497.10 2.135126E-4 1.553461E-4 3.11984E-4
497.20 2.12509E-4 1.546159E-4 3.10518E-4
497.30 2.124139E-4 1.545467E-4 3.10379E-4
497.40 2.124619E-4 1.545816E-4 3.10449E-4
497.50 2.11966E-4 1.542208E-4 3.09724E-4
497.60 2.110589E-4 1.535609E-4 3.08399E-4
497.70 2.10386E-4 1.530713E-4 3.07415E-4
497.80 2.101258E-4 1.528819E-4 3.07035E-4
497.90 2.035796E-4 1.481191E-4 2.97470E-4
498.00 1.99045E-4 1.448198E-4 2.90844E-4
498.10 1.970159E-4 1.433435E-4 2.87879E-4
498.20 1.829041E-4 1.330762E-4 2.67259E-4
498.30 1.805158E-4 1.313385E-4 2.63769E-4
498.40 1.781307E-4 1.296032E-4 2.60284E-4
498.50 1.741246E-4 1.266884E-4 2.54430E-4
498.60 1.723478E-4 1.253957E-4 2.51834E-4
498.70 1.722508E-4 1.253251E-4 2.51692E-4
498.80 1.702785E-4 1.238901E-4 2.48810E-4
498.90 1.683898E-4 1.22516E-4 2.46051E-4
499.00 1.684826E-4 1.225835E-4 2.46186E-4
499.10 1.684694E-4 1.225739E-4 2.46167E-4
499.20 1.68608E-4 1.226747E-4 2.46370E-4
499.30 1.680126E-4 1.222415E-4 2.45500E-4
499.40 1.666827E-4 1.212739E-4 2.435564E-4
499.50 1.671499E-4 1.216138E-4 2.44239E-4
499.60 1.67578E-4 1.219253E-4 2.44865E-4
499.70 1.669537E-4 1.214711E-4 2.439523E-4
499.80 1.655748E-4 1.204678E-4 2.419375E-4
499.90 1.654757E-4 1.203957E-4 2.417927E-4
500.00 1.645603E-4 1.197297E-4 2.404551E-4
