% ocean shear series, D(6) filter, wavelet variance estimates and
% confidence intervalsEDOFs via eta_1 method, Figure 333
% j     tau_j	    wvar  lower_95_cl  upper_95_cl edof	lower_Qeta	upper_Qeta	MJ
1 0.1   2.417048626297275E-4           2.2754619837147473E-4   2.572340968705863E-4	2045.5		2172.777660306042     1922.013071065933       4091
2 0.2   4.421395385139714E-4           4.0613806769698073E-4   4.831747705098299E-4   	1020.25       	1110.6884580576643     933.601859411866       4081
3 0.4   6.143158530134257E-4           5.452110347734594E-4    6.975183755231757E-4   	 507.625      	 571.965835239402      447.0736482777853      4061
4 0.8   0.0020689980212283726          0.00174995598122736     0.0024845137948676294  	 251.3125     	 297.13036829947544    209.28242229287292     4021
5 1.6   0.010468192745263004           0.008276107104912543    0.013668573463783177   	 123.15625    	 155.77654402497217     94.32025706265354     3941
6 3.2   0.057565379901354706           0.041363239084043005    0.08563392562475682    	  59.078125   	  82.21925518392707     39.71387139703343     3781
7 6.4   0.41453972009660806            0.25919775554603225     0.7676194811888275     	  27.0390625  	  43.24406813173216     14.601981418013832    3461
8 12.8  0.9679390004692372             0.48597966279570304     2.787058790966027      	  11.01953125 	  21.947902104389918     3.8270574335704888   2821
9 25.6  0.32454789633127706            0.104286660437708       4.481561904494934      	   3.009765625	   9.366615998096945     0.21796264848293442  1541
